10 22 01.171 181 5 7 14 0 0 0 0 0 0 0 0 0 0 0 0 0 0 0 
10 35 14.826 332 5 7 0 0 0 0 0 0 0 0 0 0 0 0 22 0 0 0 
10 46 24.955 468 3 7 46 10 49 0 0 29 13 0 0 17 0 0 0 0 0 0 
10 46 58.926 478 2 3 20 0 0 0 0 0 0 0 0 0 0 0 0 0 0 0 
10 51 21.832 531 2 3 8 0 0 0 0 0 0 15 0 0 0 15 0 0 0 22 
10 52 43.375 549 0 3 0 0 0 0 0 32 0 0 0 0 0 0 0 0 0 0 
11 10 54.597 759 8 7 19 0 0 0 0 0 0 0 0 0 0 0 0 0 0 0 
11 11 29.450 769 2 3 0 0 0 0 0 12 0 0 0 0 0 0 0 0 0 0 
11 18 13.268 840 4 7 18 0 0 0 0 0 0 0 0 0 0 0 0 0 0 0 
11 20 22.684 871 4 7 0 0 0 13 0 0 0 17 0 0 0 0 0 0 0 0 
11 24 42.375 917 3 7 0 0 0 0 0 11 0 0 0 0 0 0 0 0 0 0 
11 35 39.831 1025 1 3 0 0 0 0 0 0 0 0 0 0 0 0 13 0 0 0 
11 39 05.856 1063 3 7 0 0 0 0 0 0 0 0 0 0 0 0 0 0 9 0 
11 44 23.920 1115 3 7 0 0 14 0 0 0 0 0 0 0 0 0 0 0 0 0 
11 59 04.243 1295 4 7 0 0 0 0 0 0 0 0 0 0 0 17 0 0 0 0 
12 05 10.966 1362 2 3 0 0 0 0 0 0 0 0 0 0 0 0 0 0 0 17 
12 12 11.723 1445 3 7 0 0 0 0 0 0 0 0 0 0 0 0 0 0 0 12 
12 25 38.073 1615 2 3 15 0 14 0 0 0 0 0 0 0 0 0 0 0 0 0 
12 27 05.054 1629 2 3 0 0 21 0 0 0 0 0 0 0 0 0 0 0 0 0 
12 28 31.622 1649 1 3 0 0 0 0 0 0 0 20 0 0 0 0 0 0 0 0 
12 34 38.670 1721 2 3 0 0 0 0 0 16 0 0 0 0 0 0 0 0 0 0 
12 46 54.700 1845 2 7 0 0 0 0 0 0 0 0 0 0 0 46 0 0 0 0 
12 48 16.837 1863 3 7 0 0 27 0 0 0 0 0 0 0 0 0 0 0 0 0 
12 51 07.121 1892 2 3 0 0 10 0 0 0 0 0 0 0 0 0 0 0 0 0 
13 00 26.807 1998 4 7 0 0 0 0 0 0 0 20 0 0 0 0 0 0 0 0 
13 09 51.253 2110 3 7 0 0 0 0 35 0 0 0 0 0 0 0 0 0 0 0 
13 20 32.270 2229 2 3 0 0 16 0 0 0 0 0 0 0 0 0 0 0 0 0 
13 21 02.898 2237 1 3 21 0 0 0 0 0 0 0 0 0 0 0 0 0 0 0 
13 27 25.784 2304 1 3 0 0 0 0 0 0 0 9 0 0 0 0 0 0 0 0 
13 36 34.517 2394 5 7 0 0 0 0 0 16 0 12 0 26 0 10 0 0 0 0 
13 37 31.260 2402 1 3 0 0 0 0 0 11 0 0 0 0 0 0 0 0 0 0 
13 39 41.574 2425 4 7 17 0 0 0 0 0 0 0 0 0 0 0 0 0 0 0 
13 41 19.706 2443 1 3 0 0 0 0 0 0 0 11 0 0 0 0 0 0 0 0 
13 44 08.708 2481 1 3 21 0 0 0 15 0 0 0 0 12 0 0 0 0 0 0 
13 51 00.663 2548 4 7 0 0 0 0 0 0 0 0 0 0 0 0 0 0 0 12 
13 51 31.700 2556 4 7 0 0 0 0 0 9 0 0 0 0 0 0 0 0 0 0 
13 57 40.128 2623 1 3 12 0 0 0 0 0 0 0 0 0 0 0 0 0 0 0 
14 04 03.983 2704 3 7 15 0 0 0 0 0 0 0 0 0 0 0 0 0 0 0 
14 13 08.026 2798 2 3 12 0 23 0 0 0 16 18 0 0 0 0 0 0 0 0 
14 13 21.704 2803 3 7 0 0 0 0 0 0 0 0 0 0 0 0 0 0 23 0 
14 16 02.772 2829 3 7 0 0 0 0 0 12 0 0 0 0 0 0 0 0 0 0 
14 18 11.154 2846 5 7 0 0 0 0 0 16 0 28 0 0 0 29 0 0 0 24 
14 18 29.959 2851 5 7 0 0 16 0 0 0 0 0 0 0 0 0 0 0 0 0 
14 21 46.284 2878 3 7 0 0 0 0 0 10 0 0 0 0 0 0 0 0 0 0 
14 28 49.471 2955 2 3 0 0 14 0 0 0 0 0 0 0 0 0 0 0 0 0 
14 35 16.199 3021 1 3 0 0 15 0 0 0 0 0 0 0 0 0 0 0 0 0 
14 40 12.390 3070 2 3 0 0 0 0 0 0 0 0 0 0 0 0 14 0 0 0 
14 41 52.616 3084 2 3 0 0 10 0 0 0 0 0 0 0 0 0 0 0 0 0 
14 43 59.312 3098 3 7 0 0 13 0 0 0 11 15 0 0 0 0 0 0 0 16 
14 50 20.529 3154 1 3 0 0 17 21 0 0 0 17 0 0 0 0 0 0 0 0 
14 53 40.672 3190 3 7 0 0 0 0 0 0 0 0 0 0 0 0 0 0 10 10 
15 06 35.210 3316 4 7 16 0 0 0 0 0 0 0 0 0 0 0 0 0 0 0 
15 09 07.964 3351 3 7 33 0 0 0 0 15 13 21 0 0 0 0 0 0 0 0 
15 13 25.093 3390 2 3 10 0 0 0 0 15 0 0 0 0 0 0 0 0 0 0 
15 15 51.088 3414 4 7 16 0 0 0 0 0 0 0 0 0 0 0 0 0 0 0 
15 21 50.420 3484 3 7 0 0 0 0 0 0 0 20 0 0 0 0 0 0 0 0 
15 31 09.292 3591 4 7 0 0 12 0 0 0 0 0 0 0 0 0 0 0 0 0 
15 32 37.733 3605 2 3 0 0 0 0 0 0 0 0 0 0 0 0 0 0 0 11 
15 33 32.912 3616 7 7 0 0 0 0 0 0 0 0 0 0 0 0 0 0 0 22 
15 33 49.104 3619 1 3 0 0 8 0 0 0 0 0 0 0 0 0 0 0 0 0 
15 45 19.921 3720 4 7 0 0 0 0 0 0 0 0 0 0 0 0 13 0 0 0 
15 48 58.804 3754 0 3 0 0 0 0 0 0 12 0 0 0 0 0 0 0 0 0 
16 02 03.737 3894 2 3 0 0 0 0 0 12 0 0 0 0 0 0 0 0 0 0 
16 10 50.611 3985 2 3 72 12 14 0 14 23 0 0 0 0 0 0 0 0 0 0 
16 17 19.589 4058 1 3 0 0 0 0 0 0 0 0 0 0 0 0 0 0 10 0 
16 25 28.383 4141 1 3 11 0 19 0 0 0 16 21 0 0 0 16 0 0 12 24 
16 46 56.929 4351 4 7 0 0 0 0 0 0 0 0 0 0 0 0 0 0 13 0 
16 53 36.591 4409 2 3 15 0 16 0 16 15 0 0 0 0 0 0 0 0 0 0 
17 06 40.445 4562 1 3 0 0 0 0 15 0 0 0 0 0 0 0 0 0 0 0 
