10 04 35.717 1 2 1 0 0 0 0 0 0 0 1 0 0 0 0 0 0 0 0 0 0 0 1 24 0 0 0 18 0 0 0 0 0 0 0 
10 04 35.954 2 3 7 0 0 0 0 0 0 15 2 0 0 0 1 0 0 0 0 0 0 0 0 0 0 0 0 0 0 28 0 0 0 57 0 
10 04 42.181 3 5 5 22 0 0 1 0 1 0 1 0 0 0 0 0 0 0 0 23 0 0 0 0 0 0 2 50 0 0 0 0 0 0 0 
10 04 43.246 4 2 1 19 0 14 0 0 1 0 0 0 0 0 0 0 0 0 0 0 0 0 0 0 0 0 0 0 1 38 0 0 0 0 0 
10 04 44.378 5 2 1 0 0 0 0 0 0 26 0 0 0 0 0 0 0 0 0 0 0 0 0 0 0 0 1 0 1 0 0 18 0 0 0 
10 04 51.700 6 6 5 0 1 0 0 0 0 17 0 0 0 0 0 0 0 0 2 0 1 13 0 0 1 0 0 0 0 0 0 0 0 0 1 
10 05 07.198 7 4 5 0 1 0 0 0 0 0 0 26 0 0 1 0 0 0 0 0 0 0 0 0 1 0 0 0 0 0 1 16 0 0 0 
10 05 15.986 8 1 1 0 0 0 0 0 1 23 0 0 0 0 0 0 0 0 0 0 0 0 0 0 0 0 0 20 0 0 0 0 0 0 0 
10 05 28.210 9 6 5 0 0 0 1 19 1 0 0 0 0 0 0 0 0 0 0 18 3 0 0 0 1 0 0 0 0 0 0 0 0 0 0 
10 05 31.493 10 0 1 0 0 0 0 18 0 0 0 0 0 0 0 0 0 0 0 0 0 0 0 0 0 0 0 0 0 0 0 45 0 0 0 
10 05 39.083 11 9 5 44 1 0 1 0 0 0 1 0 2 0 1 0 1 0 1 0 0 0 1 0 0 0 0 0 0 19 0 0 0 0 0 
10 05 45.749 12 4 7 0 0 13 1 0 1 0 0 0 0 0 0 107 1 0 0 0 0 0 0 0 1 0 0 0 0 0 0 0 0 0 0 
10 05 46.298 13 4 5 0 0 0 2 0 0 0 0 0 0 0 1 0 0 0 0 58 1 0 0 0 0 0 0 0 0 18 0 0 0 0 0 
10 05 47.612 14 4 5 0 1 0 0 0 0 0 0 0 0 0 0 0 0 0 0 0 0 0 0 0 0 0 0 23 1 0 1 15 0 0 1 
10 05 48.332 15 2 1 0 0 0 0 0 0 0 0 0 0 0 0 25 0 0 1 0 0 0 0 0 0 0 0 0 0 16 1 0 0 0 0 
10 05 51.810 16 2 1 22 0 0 0 0 0 41 0 0 0 0 0 30 0 0 1 0 0 0 0 0 0 0 0 0 1 0 0 0 0 0 0 
10 06 02.864 17 4 5 0 0 0 0 0 0 14 0 0 0 0 1 0 0 0 0 0 1 0 0 0 0 0 1 0 0 0 1 0 0 17 0 
10 06 11.590 18 4 5 22 0 69 0 0 0 0 0 0 0 0 1 0 0 0 0 0 0 0 0 0 1 0 0 0 0 0 0 0 2 0 0 
10 06 12.198 19 5 5 0 0 0 0 25 1 0 0 0 0 0 0 19 1 0 1 0 1 0 0 0 0 0 1 0 0 0 0 0 0 0 0 
10 06 14.880 20 2 1 0 0 0 0 0 0 0 1 0 0 0 0 0 0 0 0 0 0 0 0 0 0 40 0 0 1 0 0 0 0 34 0 
10 06 20.289 21 2 1 0 1 0 0 0 0 0 0 15 0 0 0 0 0 0 0 16 0 0 0 0 0 0 0 0 1 0 0 0 0 0 0 
10 06 22.634 22 4 5 0 0 0 0 0 1 0 1 0 0 0 0 0 0 0 0 0 0 0 0 0 1 0 0 0 1 36 0 0 0 11 0 
10 06 28.807 23 2 1 0 0 0 0 0 0 0 0 0 0 0 0 0 0 0 0 20 0 0 0 0 0 0 1 0 0 0 0 0 0 21 1 
10 06 31.216 24 0 1 0 0 0 0 0 0 0 0 0 0 0 0 0 0 0 0 0 0 0 0 0 0 0 0 39 0 0 0 38 0 0 0 
10 06 35.707 25 2 1 0 0 0 0 0 0 0 0 0 0 0 0 0 0 0 1 0 0 18 0 0 1 0 0 0 0 0 0 0 0 19 0 
10 06 37.720 26 1 3 0 0 26 0 0 0 0 1 67 0 21 0 0 0 0 0 0 0 0 0 0 0 0 0 0 0 19 0 38 0 0 0 
10 06 42.171 27 1 1 0 0 0 0 0 1 0 0 0 0 0 0 24 0 0 0 18 0 0 0 0 0 0 0 0 0 0 0 0 0 0 0 
10 06 51.851 28 2 1 0 0 0 0 0 0 0 0 30 1 0 0 0 0 0 0 0 0 0 0 0 0 20 0 0 0 0 1 0 0 0 0 
10 07 05.044 29 7 7 0 0 0 1 0 0 0 0 18 0 0 1 0 1 0 2 0 0 0 0 0 0 0 0 91 1 0 0 0 1 0 0 
10 07 07.472 30 3 5 0 0 0 0 0 1 0 0 0 0 0 0 0 0 0 0 0 1 0 0 0 1 31 0 0 0 0 0 51 0 0 0 
10 07 19.992 31 2 1 0 0 0 0 0 0 0 0 0 0 0 0 0 0 0 1 14 0 0 0 0 0 0 0 12 0 0 0 0 0 0 1 
10 07 32.031 32 2 1 0 0 0 0 0 0 0 1 0 0 0 1 35 0 0 0 0 0 0 0 0 0 0 0 19 0 0 0 0 0 0 0 
10 07 50.870 33 4 5 0 0 0 1 0 0 0 0 0 1 29 0 0 0 0 0 0 0 0 0 23 0 0 0 0 2 0 0 0 0 0 0 
10 08 05.594 34 0 1 38 0 0 0 22 0 0 0 0 0 0 0 0 0 0 0 0 0 0 0 0 0 0 0 0 0 0 0 0 0 0 0 
10 08 07.828 35 4 5 0 0 0 0 0 0 0 0 0 2 0 0 19 0 0 0 0 1 0 0 0 0 0 1 0 0 0 0 0 0 21 0 
10 08 22.957 37 1 1 0 0 0 0 0 0 0 0 0 0 36 0 0 0 29 1 0 0 0 0 0 0 0 0 0 0 0 0 0 0 0 0 
10 08 25.137 38 5 5 0 0 0 0 0 1 0 0 0 1 0 0 0 1 0 0 22 1 18 0 0 0 0 0 0 0 0 0 0 0 0 1 
10 08 29.091 39 4 5 0 0 0 0 0 0 0 1 0 1 0 0 0 0 23 0 0 0 0 1 0 0 0 0 0 0 14 0 0 0 0 1 
10 08 33.008 40 1 1 24 0 0 0 0 0 0 0 23 0 0 0 20 0 0 0 0 0 19 0 0 0 0 0 0 0 0 0 0 0 0 1 
10 08 37.762 41 2 1 0 0 0 0 0 0 0 1 15 0 38 1 16 0 0 0 0 0 0 0 0 0 0 0 0 0 0 0 0 0 0 0 
10 08 46.758 42 6 5 33 0 24 0 0 0 0 0 0 0 23 0 18 0 0 0 0 1 0 0 0 0 0 0 0 1 0 0 0 0 0 4 
10 08 57.000 43 3 0 0 0 0 0 0 0 0 0 0 1 0 0 0 1 0 1 0 0 0 0 0 0 0 0 0 0 0 0 0 0 0 0 
10 09 03.439 44 5 5 0 1 0 0 0 1 0 0 28 0 0 1 0 0 0 0 0 0 0 0 0 0 0 0 21 1 0 0 0 1 0 0 
10 09 17.906 45 5 5 0 0 0 0 0 0 0 0 0 2 24 0 0 0 0 1 0 0 20 1 0 0 0 0 0 1 0 0 0 0 0 0 
10 09 22.470 46 4 5 0 0 0 0 0 0 0 0 20 0 0 0 18 0 0 0 0 0 0 1 0 0 0 1 0 1 0 0 0 0 0 1 
10 09 34.468 47 4 5 0 0 0 0 0 1 0 0 0 1 0 0 0 0 0 0 0 0 0 0 0 0 19 0 0 0 0 0 10 0 0 2 
10 09 46.368 48 5 7 0 1 0 1 0 0 0 0 30 1 0 0 0 0 55 1 0 0 20 0 0 0 0 0 0 0 0 0 0 0 0 1 
10 10 00.614 49 7 7 0 1 0 0 0 0 0 0 24 2 63 1 0 2 0 0 31 1 0 0 0 0 0 0 0 0 0 0 0 0 0 0 
10 10 00.829 50 2 1 0 0 0 0 0 2 0 0 24 0 0 0 0 0 0 0 0 0 0 0 0 0 0 0 15 0 0 0 0 0 0 0 
10 10 06.809 51 2 1 0 0 0 0 0 0 0 0 0 0 0 0 17 1 0 0 21 0 0 0 0 0 0 0 0 0 0 1 0 0 0 0 
10 10 19.783 52 5 5 0 1 0 0 0 1 0 1 24 0 0 0 22 0 0 0 0 1 0 0 0 0 0 1 0 0 0 0 0 0 0 0 
10 10 21.017 53 3 5 0 0 35 0 0 1 0 1 0 0 0 0 17 1 0 0 0 0 0 0 0 0 0 0 0 0 0 0 0 0 0 0 
10 10 31.823 54 3 5 0 1 30 0 0 0 0 0 20 1 0 0 0 0 0 1 0 0 0 0 0 0 0 0 0 0 0 0 0 0 0 0 
10 10 34.170 55 3 5 0 0 0 1 0 0 0 0 0 0 0 0 0 1 0 0 0 0 0 0 0 0 0 0 0 0 20 1 19 0 0 0 
10 10 39.437 56 1 1 0 0 0 0 0 0 31 0 0 0 0 0 0 0 0 0 0 0 0 0 0 0 0 0 0 1 19 0 0 0 0 0 
10 10 39.761 57 2 1 16 0 0 0 0 0 0 0 0 0 0 0 0 1 0 0 0 0 0 0 0 0 32 0 0 0 0 0 0 1 0 0 
10 10 45.450 58 1 1 0 0 0 0 0 0 0 0 0 0 0 0 0 0 20 0 0 0 0 1 0 0 26 0 0 0 0 0 0 0 0 0 
10 10 46.796 59 2 1 20 0 0 0 0 0 0 1 24 0 0 0 0 0 0 0 0 0 0 0 0 0 0 0 0 1 0 0 0 0 0 0 
10 10 50.202 60 5 7 0 1 0 0 47 0 0 1 34 0 0 0 26 0 17 0 0 0 0 1 0 0 0 1 0 1 0 0 0 0 0 0 
10 11 03.636 62 4 7 30 0 0 1 0 0 0 0 0 0 0 0 0 0 0 0 0 0 68 0 0 2 67 0 0 0 0 0 0 1 0 0 
10 11 07.521 63 5 5 0 0 0 2 0 0 0 0 27 0 0 0 0 0 0 1 0 0 16 0 0 0 0 0 0 1 0 1 0 0 0 0 
10 11 15.916 64 4 7 22 1 0 0 22 0 0 0 0 0 0 0 0 0 0 0 29 0 0 0 0 0 0 1 0 0 50 2 28 0 0 0 
10 11 16.658 65 4 7 0 0 0 0 0 0 0 0 0 1 0 1 0 1 32 1 0 0 42 0 48 0 0 0 0 0 0 0 0 0 0 0 
10 11 18.589 66 0 1 0 0 0 0 0 0 35 0 0 0 0 0 0 0 0 0 0 0 24 0 0 0 0 0 0 0 0 0 0 0 0 0 
10 11 26.156 67 2 1 0 0 0 1 0 0 0 0 0 0 0 0 16 0 0 1 0 0 0 0 0 0 0 0 20 0 0 0 0 0 0 0 
10 11 30.828 68 2 1 0 0 0 1 0 0 10 0 0 1 0 0 0 0 0 0 0 0 0 0 0 0 0 0 0 0 0 0 15 0 0 0 
10 11 39.260 69 3 5 0 0 0 0 0 1 0 1 0 0 0 0 0 0 0 0 18 0 0 1 0 0 0 0 0 0 0 0 0 0 24 0 
10 11 57.600 70 5 5 20 0 0 0 0 0 0 0 0 0 0 0 39 0 0 2 23 1 0 0 0 0 0 0 0 2 0 0 0 0 0 0 
10 12 01.715 71 8 5 0 2 0 0 0 1 0 0 0 0 0 1 0 0 0 1 0 0 0 1 0 0 0 0 33 1 0 1 56 0 0 0 
10 12 09.412 72 3 5 0 0 0 0 0 2 0 1 0 0 0 0 0 0 22 0 0 0 0 0 0 0 0 0 0 0 0 0 0 0 27 0 
10 12 09.751 73 0 1 0 0 0 0 0 0 0 0 0 0 0 0 0 0 0 0 0 0 0 0 0 0 0 0 14 0 0 0 38 0 0 0 
10 12 19.509 74 2 3 52 0 0 0 0 2 0 0 0 0 0 0 0 0 0 0 0 0 0 0 0 0 50 0 0 0 0 0 0 0 0 0 
10 12 19.621 75 5 5 0 0 0 1 0 0 0 0 13 0 0 0 0 0 0 0 0 0 0 0 0 0 0 1 0 0 0 0 0 2 14 1 
10 12 48.422 76 4 5 0 1 0 1 0 0 0 0 20 0 0 0 0 0 0 0 38 0 0 1 0 0 0 0 0 1 0 0 0 0 0 0 
10 12 49.390 77 3 5 0 0 21 0 0 0 0 0 0 0 0 0 0 2 0 0 0 0 0 0 0 0 31 0 0 0 0 0 0 1 0 0 
10 12 53.118 78 2 1 0 0 0 0 0 0 0 0 0 0 0 0 0 1 0 0 0 0 23 1 0 0 0 0 0 0 0 0 0 0 19 0 
10 12 53.231 79 4 7 0 0 35 0 0 1 0 0 0 1 0 0 0 0 0 0 0 0 0 0 0 0 0 0 0 1 69 0 0 0 22 1 
10 12 54.287 80 6 5 0 1 0 1 0 1 0 0 31 0 0 0 0 1 0 0 0 0 0 0 0 0 0 1 58 1 0 0 0 0 0 0 
10 12 58.141 81 1 1 0 0 0 0 0 0 0 0 29 0 0 0 0 0 0 0 0 0 0 0 0 0 0 0 0 0 29 1 0 0 0 0 
10 13 02.547 82 3 5 17 0 0 1 0 1 0 1 0 0 48 0 0 0 0 0 0 0 0 0 0 0 0 0 0 0 0 0 0 0 0 0 
10 13 02.911 83 2 1 0 0 0 0 0 0 14 0 15 0 0 0 21 0 0 0 0 1 0 0 0 0 0 0 0 1 0 0 0 0 0 0 
10 13 11.073 84 3 5 0 0 37 0 0 0 0 1 0 0 0 0 0 0 0 0 0 1 0 0 0 1 14 0 28 0 0 0 0 0 0 0 
10 13 15.240 85 3 7 0 0 151 0 21 0 30 0 0 0 0 0 20 0 57 1 0 0 0 0 0 0 0 0 0 0 0 0 0 1 0 1 
10 13 16.832 86 2 1 0 0 0 0 0 0 18 1 20 0 0 0 0 0 0 0 0 0 0 0 0 0 0 0 0 1 0 0 0 0 0 0 
10 13 19.105 87 3 7 0 0 42 0 0 0 67 0 0 0 0 0 0 0 0 1 0 0 0 0 0 1 0 0 0 0 0 1 20 0 0 0 
10 13 20.956 88 3 5 0 0 0 0 0 0 0 0 0 1 0 0 0 0 0 0 0 0 0 2 20 0 0 0 0 0 32 0 0 0 0 0 
10 13 22.267 89 4 5 0 0 55 0 0 1 16 0 0 0 0 0 0 3 0 0 0 0 0 0 0 0 0 0 0 0 0 0 0 0 0 0 
10 13 26.854 90 4 5 24 0 0 1 0 0 0 0 0 0 0 1 0 0 0 1 0 0 17 0 0 0 0 0 0 0 0 0 0 1 28 0 
10 13 32.613 91 2 3 0 0 0 0 0 0 0 0 0 0 0 0 0 1 0 0 75 0 0 0 27 0 0 0 27 1 0 0 17 0 0 0 
10 13 46.705 92 1 1 0 0 0 0 0 1 0 0 12 0 0 0 0 0 0 0 0 0 0 0 0 0 0 0 0 0 23 0 0 0 0 0 
10 13 56.491 93 1 1 0 0 18 0 0 0 0 0 0 0 0 0 0 0 0 0 0 0 15 0 0 0 0 0 0 1 0 0 0 0 0 0 
10 13 57.223 94 4 7 18 0 47 1 20 1 0 1 0 0 0 0 0 0 0 0 0 0 38 0 0 0 0 0 0 0 0 1 0 0 0 0 
10 13 57.000 95 0 0 0 0 0 0 0 0 0 0 0 0 0 0 0 0 0 0 0 0 0 0 0 0 0 0 0 0 0 0 0 0 0 0 
10 13 58.402 96 2 1 0 0 0 0 0 0 0 0 0 2 0 0 0 0 15 0 0 0 0 0 0 0 38 0 0 0 0 0 0 0 0 0 
10 14 02.988 97 4 7 23 1 0 0 0 0 27 0 23 0 28 0 15 0 34 0 0 0 0 0 52 0 31 0 20 0 0 2 0 0 52 1 
10 14 05.750 98 2 1 0 0 0 0 0 0 0 0 0 1 0 0 0 0 0 0 33 0 0 0 0 0 0 0 17 0 0 1 0 0 0 0 
10 14 06.681 99 1 3 24 0 0 0 0 0 16 1 22 0 0 0 18 0 0 0 0 0 0 0 0 0 0 0 0 0 0 0 23 0 0 0 
10 14 08.027 100 2 1 22 0 0 0 0 0 0 0 0 0 0 2 0 0 0 0 0 0 0 0 0 0 0 0 0 0 21 0 0 0 0 0 
10 14 11.209 101 3 5 79 2 0 0 0 0 0 1 0 0 0 0 0 0 0 0 0 0 0 0 0 0 0 0 17 0 0 0 0 0 0 0 
10 14 12.149 102 7 5 0 0 0 1 0 0 22 1 0 1 0 1 17 0 24 0 0 0 0 0 0 0 0 0 0 0 0 2 0 0 23 1 
10 14 17.897 103 1 1 30 0 0 0 0 0 13 0 0 0 0 0 0 0 0 0 0 0 0 0 0 0 0 1 0 0 0 0 0 0 0 0 
10 14 32.897 104 2 1 0 0 0 0 0 0 0 0 26 0 0 0 0 1 0 0 0 1 20 0 0 0 0 0 0 0 0 0 0 0 0 0 
10 14 33.132 105 2 1 0 0 0 0 0 0 0 0 40 0 0 0 0 1 0 0 0 0 0 0 0 0 0 0 0 0 0 1 0 0 23 0 
10 14 33.775 106 1 1 28 0 0 0 0 0 0 0 0 0 0 0 0 1 32 0 0 0 0 0 0 0 0 0 0 0 0 0 0 0 0 0 
10 14 51.685 107 9 5 0 0 22 1 0 0 0 1 25 1 0 1 0 0 0 0 30 0 0 0 0 1 0 0 0 0 0 1 0 1 0 2 
10 15 05.624 108 2 1 0 0 0 0 0 0 22 1 0 0 0 0 0 0 0 1 0 0 0 0 0 0 0 0 0 0 21 0 0 0 27 0 
10 15 09.829 109 3 7 0 1 16 0 0 0 43 0 0 0 0 0 0 1 18 0 0 0 0 1 24 0 0 0 0 0 0 0 0 0 0 0 
10 15 12.512 110 2 1 0 0 29 1 0 1 0 0 0 0 0 0 0 0 12 0 0 0 0 0 0 0 0 0 0 0 0 0 0 0 0 0 
10 15 16.605 111 1 3 0 0 0 0 0 0 0 0 35 0 18 0 0 0 15 0 0 0 0 0 0 0 0 0 34 0 0 0 23 0 0 1 
10 15 19.600 113 2 1 0 0 0 0 0 0 0 0 0 0 0 1 0 0 0 0 18 0 0 0 0 0 0 0 0 1 0 0 0 0 19 0 
10 15 33.240 114 3 5 0 0 0 1 0 0 24 1 0 0 27 0 0 0 12 0 0 0 0 0 0 0 0 0 0 0 0 0 0 0 0 1 
10 15 46.740 115 4 5 0 0 0 0 0 1 0 0 0 1 23 0 0 0 0 1 0 0 0 0 0 1 0 0 0 0 0 0 14 0 0 0 
10 15 56.886 116 2 1 0 0 0 0 0 0 16 1 0 0 33 0 0 0 39 0 0 0 0 0 0 0 0 0 0 1 0 0 0 0 0 0 
10 15 59.022 117 3 7 0 1 0 0 52 0 19 1 25 1 0 0 0 0 0 0 0 0 0 0 0 0 0 0 13 0 0 0 0 0 0 0 
10 16 01.021 118 2 1 0 0 0 0 0 0 0 0 0 0 0 0 47 0 0 0 0 0 0 0 0 0 0 0 0 1 0 0 0 0 16 1 
10 16 07.696 119 5 5 0 0 0 1 20 0 0 0 0 1 0 0 0 0 0 1 0 0 0 0 26 0 0 0 0 1 0 1 0 0 0 0 
10 16 28.127 120 3 5 20 0 0 0 0 0 58 0 0 0 0 0 0 0 0 2 0 0 0 0 0 0 0 0 0 0 0 1 0 0 0 0 
10 16 29.586 121 1 1 0 0 0 0 0 0 0 0 0 0 0 0 0 0 16 0 0 0 0 0 0 1 0 0 0 0 18 0 0 0 0 0 
10 16 29.912 122 3 5 0 0 0 1 0 0 22 1 0 0 0 0 0 0 0 0 0 0 0 0 0 0 68 0 0 0 0 1 0 0 0 0 
10 16 32.874 123 7 5 0 0 0 0 0 0 16 0 0 1 0 0 0 0 0 1 0 0 14 1 0 0 0 0 0 1 0 2 0 0 0 1 
10 16 54.225 124 1 1 0 0 0 0 0 0 18 0 0 0 28 0 0 0 0 0 0 0 0 0 0 0 0 0 0 0 0 1 0 0 0 0 
10 17 04.481 125 4 7 0 0 24 0 0 0 34 0 0 0 24 0 0 0 0 1 0 0 29 0 21 0 0 0 0 1 0 0 0 1 0 1 
10 17 08.114 126 2 1 0 0 0 0 20 0 0 0 0 0 0 0 0 1 0 0 0 0 23 0 0 0 0 1 0 0 0 0 0 0 0 0 
10 17 31.500 127 2 3 0 1 24 0 17 0 27 0 0 0 0 0 0 1 0 0 0 0 0 0 0 0 0 0 34 0 0 0 0 0 0 0 
10 17 37.362 128 4 5 17 1 0 0 0 0 0 0 0 1 0 0 0 0 0 0 0 1 0 1 24 0 0 0 0 0 0 0 0 0 0 0 
10 17 41.735 129 2 1 0 0 0 0 0 0 50 0 0 1 0 0 0 0 0 0 21 0 0 1 0 0 0 0 0 0 0 0 0 0 0 0 
10 17 45.811 130 2 1 0 0 0 0 0 0 0 0 0 1 0 0 0 0 0 0 0 1 0 0 0 0 0 0 0 0 45 0 0 0 24 0 
10 17 49.633 131 2 1 0 0 0 0 0 0 0 0 0 0 0 0 0 0 0 0 0 2 0 0 0 0 0 0 14 0 0 0 0 0 32 0 
10 17 50.110 132 1 1 0 0 0 0 0 0 0 0 0 0 0 0 0 0 0 0 0 0 28 0 0 0 23 0 0 1 0 0 0 0 0 0 
10 18 05.813 133 3 7 0 1 0 1 0 0 20 0 15 0 0 0 13 0 0 0 0 1 0 0 0 0 16 0 20 0 0 0 0 0 31 0 
10 18 17.883 134 3 5 0 0 0 0 0 0 0 0 0 0 0 1 39 0 21 1 0 0 0 0 0 0 0 0 0 0 0 1 0 0 0 0 
10 18 20.040 135 2 1 0 0 15 0 0 1 0 0 19 0 0 0 0 0 0 0 0 0 0 0 0 0 0 0 0 0 0 0 0 0 0 1 
10 18 20.346 136 2 1 18 1 0 0 0 0 21 0 0 0 0 0 0 0 0 1 0 0 0 0 0 0 0 0 0 0 0 0 0 0 0 0 
10 18 30.803 137 4 5 0 0 0 0 17 1 0 1 0 0 0 0 0 0 0 0 0 1 0 0 0 1 23 0 0 0 0 0 0 0 0 0 
10 18 37.070 138 2 1 29 0 29 1 0 0 0 1 0 0 0 0 0 0 0 0 0 0 0 0 0 0 0 0 0 0 0 0 0 0 0 0 
10 18 37.310 139 3 5 32 1 0 0 0 0 0 0 0 0 0 0 0 0 0 2 0 0 0 0 0 0 0 0 0 0 0 0 0 0 22 0 
10 18 43.129 140 4 5 0 1 0 0 0 0 0 0 0 0 0 0 0 1 0 0 0 0 0 0 0 0 0 0 18 0 0 0 0 2 20 0 
10 18 46.954 141 3 5 0 1 0 0 0 0 0 0 0 0 0 0 18 0 0 0 0 0 0 0 0 0 31 0 0 0 0 0 0 0 0 2 
10 18 53.164 142 5 5 0 0 22 0 0 0 0 0 0 0 0 2 0 1 0 1 0 0 0 0 39 0 0 0 0 0 0 0 0 1 0 0 
10 18 55.686 143 3 5 0 0 0 1 19 0 0 1 0 0 0 1 0 0 0 0 0 0 29 0 0 0 0 0 0 0 0 0 0 0 0 0 
10 18 56.564 144 1 1 0 1 0 0 0 0 0 0 0 0 0 0 0 0 0 0 0 0 0 0 16 0 21 0 0 0 0 0 0 0 0 0 
10 18 57.000 145 4 0 0 0 0 1 0 0 0 0 0 1 0 0 0 0 0 0 0 0 0 0 0 0 0 1 0 0 0 0 0 0 0 1 
10 19 03.151 146 3 7 0 0 0 0 0 0 0 0 0 0 0 0 0 1 0 0 0 0 68 0 0 0 0 2 0 0 0 0 30 0 18 0 
10 19 08.066 147 5 5 0 0 0 1 0 1 10 0 0 0 0 1 0 0 32 1 0 0 0 0 0 0 0 0 0 0 0 1 0 0 0 0 
10 19 12.780 148 3 5 0 0 0 1 0 0 0 0 0 0 0 0 0 0 0 0 0 0 0 1 0 0 0 0 0 0 47 0 27 1 0 0 
10 19 19.077 149 4 7 23 0 30 0 34 1 28 0 0 1 19 0 23 0 0 0 26 0 0 1 0 0 25 0 0 0 0 1 0 0 33 0 
10 19 24.469 150 8 5 13 1 0 1 0 1 0 1 0 2 0 1 0 1 0 0 0 0 0 0 0 0 0 0 0 0 12 0 0 0 0 0 
10 19 25.441 151 4 5 0 0 0 1 25 1 0 0 0 0 0 1 0 0 0 0 0 0 27 1 0 0 0 0 0 0 0 0 0 0 0 0 
10 19 25.848 152 2 1 0 0 0 1 0 0 0 0 12 0 0 0 0 0 0 0 0 0 13 0 0 0 0 1 0 0 0 0 0 0 0 0 
10 19 32.493 153 1 1 0 0 0 0 0 0 0 0 18 0 0 0 0 0 0 0 0 0 0 1 0 0 24 0 0 0 0 0 0 0 0 0 
10 19 43.145 154 1 1 0 0 25 0 0 0 0 0 0 1 0 0 0 0 0 0 0 0 0 0 0 0 0 0 25 0 0 0 0 0 0 0 
10 19 49.288 155 4 5 0 0 36 0 0 1 0 0 0 0 0 0 20 1 0 0 0 0 0 0 0 0 0 2 0 0 0 0 0 0 0 0 
10 20 04.996 156 0 3 23 0 0 0 0 0 0 0 34 0 25 0 0 0 0 0 0 0 25 0 0 0 0 0 0 0 25 0 0 0 0 0 
10 20 12.169 157 4 7 0 1 0 0 0 0 0 1 27 0 0 1 0 0 0 0 0 0 72 0 0 0 0 0 0 0 47 0 0 1 0 0 
10 20 16.079 158 2 1 0 0 16 0 0 0 22 0 0 0 0 1 0 0 0 1 0 0 0 0 0 0 0 0 0 0 0 0 0 0 0 0 
10 20 17.298 159 1 1 20 0 0 0 0 0 0 0 19 0 0 0 0 0 0 0 0 0 0 0 0 0 0 0 0 0 0 1 0 0 16 0 
10 20 19.267 160 5 5 0 0 0 0 0 0 0 1 0 0 0 0 0 1 0 1 0 0 0 1 0 1 0 0 16 0 0 0 19 0 15 0 
10 20 21.113 161 3 5 0 1 27 1 0 0 0 0 14 1 0 0 0 0 0 0 0 0 18 0 0 0 0 0 0 0 0 0 0 0 0 0 
10 20 21.185 162 2 1 0 0 0 0 33 0 0 2 0 0 0 0 0 0 20 0 0 0 0 0 0 0 0 0 0 0 0 0 0 0 0 0 
10 20 32.407 163 4 5 0 0 0 0 0 0 0 0 0 0 0 0 0 0 0 1 0 0 0 2 31 0 0 0 0 0 22 0 24 0 0 1 
10 20 34.174 164 4 5 28 0 0 0 0 0 0 0 0 0 0 0 0 1 0 1 0 0 0 0 0 0 0 0 0 0 0 2 12 0 0 0 
10 20 43.678 165 4 7 0 0 0 0 24 1 0 1 21 1 0 0 51 0 41 0 0 0 0 0 0 0 0 1 0 0 0 0 0 0 0 0 
10 20 44.679 166 4 5 0 0 0 1 0 1 0 0 11 0 0 0 16 0 0 1 0 0 0 0 0 1 0 0 0 0 0 0 0 0 0 0 
10 20 47.941 167 6 5 0 0 0 0 0 0 0 1 22 0 11 1 0 0 0 0 0 0 0 1 0 0 0 0 0 2 0 1 24 0 20 0 
10 20 48.592 168 3 5 0 0 0 0 0 0 0 0 0 0 25 1 0 0 0 1 0 0 0 0 0 0 30 0 0 0 0 1 0 0 0 0 
10 20 54.196 169 5 7 0 1 32 1 27 1 0 0 0 0 0 1 0 0 43 0 0 0 0 0 0 0 0 0 0 0 0 0 0 1 0 0 
10 20 54.694 170 5 5 0 1 0 0 0 0 0 0 0 0 0 1 0 0 0 1 0 0 0 0 0 1 0 0 0 1 0 0 24 0 19 0 
10 20 54.936 171 0 1 0 0 0 0 0 0 0 0 0 0 35 0 0 0 0 0 0 0 0 0 0 0 0 0 0 0 0 0 0 0 16 0 
10 20 55.199 172 4 5 0 0 0 0 0 0 0 0 0 0 0 0 0 2 0 0 0 1 0 0 0 0 20 0 0 0 22 0 0 0 0 1 
10 20 59.868 173 6 7 0 0 18 1 0 0 0 1 0 0 0 2 0 0 0 0 25 0 0 1 21 0 30 0 0 1 18 0 20 0 0 0 
10 21 03.252 174 3 5 0 0 0 0 0 0 0 0 0 0 0 0 0 0 0 1 26 0 12 0 0 0 0 0 0 0 0 0 0 0 0 2 
10 21 27.888 175 3 5 0 0 0 0 24 0 0 0 0 0 0 0 0 2 0 0 0 0 0 1 0 0 37 0 0 0 0 0 0 0 0 0 
10 21 30.807 176 3 5 0 0 0 0 0 0 0 1 0 0 0 0 0 0 0 0 35 0 0 0 0 0 0 0 0 1 17 1 0 0 0 0 
10 21 33.966 177 0 1 29 0 0 0 0 0 0 0 0 0 0 0 0 0 0 0 0 0 0 0 33 0 0 0 0 0 0 0 0 0 0 0 
10 21 39.833 178 4 7 0 0 0 0 0 0 0 0 0 0 0 0 0 0 0 0 0 1 0 0 0 2 58 0 0 0 0 0 28 0 38 1 
10 21 46.087 179 2 1 0 0 0 1 0 0 14 0 0 0 0 1 0 0 32 0 0 0 0 0 0 0 0 0 0 0 0 0 0 0 14 0 
10 21 49.981 180 2 1 0 1 0 0 0 0 23 0 0 0 0 0 0 0 0 0 0 0 0 0 30 0 0 0 0 0 0 1 0 0 0 0 
10 22 01.171 181 5 7 133 1 87 1 42 0 34 0 29 0 95 0 39 1 0 1 0 0 0 0 53 0 0 0 0 0 0 1 0 0 0 0 
10 22 02.461 182 1 1 0 0 16 0 0 0 19 0 0 0 0 0 0 0 0 0 0 0 0 0 0 0 31 0 0 0 0 0 0 1 0 0 
10 22 03.414 183 3 5 0 0 0 1 0 0 0 0 0 0 0 1 20 0 0 0 0 0 0 0 0 0 16 0 0 0 0 1 9 0 0 0 
10 22 24.334 185 2 1 0 1 0 0 0 0 0 0 0 0 21 0 0 0 0 0 0 0 0 0 0 0 0 0 0 0 0 0 24 1 0 0 
10 22 35.148 186 6 7 0 1 0 0 0 1 0 0 0 0 0 0 0 1 0 0 74 1 0 0 40 0 0 0 0 0 0 1 0 0 0 1 
10 22 41.943 187 2 1 25 0 16 0 0 0 0 0 0 0 0 0 0 0 0 1 0 0 0 0 0 0 0 0 23 1 0 0 0 0 0 0 
10 22 42.437 188 2 1 0 0 15 1 0 0 0 0 0 0 0 1 0 0 31 0 0 0 0 0 0 0 0 0 0 0 0 0 0 0 0 0 
10 22 52.686 189 1 1 0 0 0 0 13 0 0 0 0 0 0 0 0 0 0 0 0 0 0 0 0 0 0 0 0 1 0 0 18 0 0 0 
10 22 54.125 190 3 5 15 1 0 0 0 0 0 0 0 0 36 1 0 0 0 0 0 0 0 0 0 0 0 0 0 0 0 1 0 0 0 0 
10 22 57.119 191 1 1 0 0 33 0 22 0 0 0 0 1 0 0 0 0 0 0 0 0 0 0 0 0 0 0 15 0 21 0 0 0 0 0 
10 22 57.714 192 2 1 0 0 0 0 0 0 0 0 0 0 0 0 0 0 0 0 0 1 0 0 0 0 26 0 0 1 0 0 0 0 14 0 
10 23 09.676 193 4 5 0 1 22 0 0 0 0 0 0 0 0 0 0 0 22 0 0 1 0 0 0 1 0 0 0 0 0 0 0 0 0 1 
10 23 16.511 194 4 7 0 0 17 0 0 1 23 1 27 0 0 0 0 0 0 0 48 1 0 1 0 0 26 0 0 0 0 0 0 0 0 0 
10 23 17.299 195 1 1 0 0 0 0 13 0 0 0 0 0 0 0 0 0 0 0 16 0 0 0 0 0 0 0 0 0 0 0 0 0 0 1 
10 23 17.839 196 5 7 0 0 0 0 0 0 0 1 0 0 0 1 0 1 0 1 0 0 0 0 35 1 19 0 0 0 0 0 79 0 0 0 
10 23 21.877 197 1 1 19 1 0 0 0 0 0 0 0 0 0 0 0 0 0 0 0 0 0 0 18 0 0 0 0 0 0 0 0 0 0 0 
10 23 26.309 198 1 1 0 0 0 0 0 0 0 0 0 0 0 0 0 0 0 0 0 0 0 0 0 0 0 0 0 0 0 1 29 0 19 0 
10 23 31.784 199 2 1 0 0 0 0 0 0 24 0 0 0 0 0 0 0 0 1 0 1 0 0 0 0 20 0 0 0 0 0 0 0 16 0 
10 23 35.560 200 3 5 0 0 42 0 0 0 28 0 0 1 0 0 0 0 0 2 0 0 0 0 0 0 0 0 0 0 0 0 0 0 0 0 
10 23 38.396 201 4 5 0 1 0 0 0 1 0 0 0 0 0 0 40 0 0 0 0 0 0 0 24 1 0 0 0 0 0 0 0 1 0 0 
10 23 39.796 202 5 5 0 0 0 2 20 2 0 0 0 0 0 0 0 0 0 0 0 0 0 1 0 0 18 0 0 0 0 0 0 0 0 0 
10 23 53.638 203 4 5 0 0 0 0 0 0 0 0 0 1 0 0 0 0 0 0 0 1 0 1 0 0 0 0 18 0 0 1 0 0 35 0 
10 23 57.000 204 7 0 0 0 0 1 0 0 0 0 0 2 0 0 0 0 0 0 0 0 0 0 0 0 0 0 0 1 0 0 0 2 0 1 
10 24 03.134 205 1 1 0 1 0 0 0 0 0 0 0 0 0 0 0 0 0 0 0 0 0 0 21 0 25 0 0 0 0 0 15 0 0 0 
10 24 10.704 206 5 5 0 0 21 0 68 0 0 0 0 0 0 0 0 1 0 1 0 2 0 0 0 0 0 0 0 0 0 0 0 1 0 0 
10 24 17.364 207 8 5 0 1 0 1 0 0 0 0 0 1 0 0 0 0 0 0 0 1 0 0 0 2 37 1 0 0 0 1 0 0 16 0 
10 24 19.934 208 0 1 0 0 0 0 0 0 0 0 20 0 23 0 0 0 0 0 0 0 0 0 0 0 0 0 0 0 0 0 0 0 0 0 
10 24 28.405 209 5 5 0 2 0 0 15 1 0 0 0 1 23 0 0 0 0 0 0 0 0 0 0 0 18 0 0 0 0 1 0 0 0 0 
10 24 39.001 210 9 5 0 2 0 0 0 0 0 0 0 2 25 0 0 2 0 0 37 0 0 0 0 0 0 0 0 0 0 1 0 0 0 2 
10 24 43.480 211 5 5 0 0 0 0 33 1 0 0 0 1 0 0 0 0 0 0 0 0 0 1 31 0 0 1 0 0 0 0 0 1 0 0 
10 24 45.794 212 3 5 0 0 0 0 0 0 0 0 25 0 0 0 0 1 0 1 15 0 0 0 0 1 0 0 0 0 0 0 0 0 0 0 
10 24 49.171 213 2 1 0 0 0 0 0 1 0 0 0 0 0 0 0 0 0 0 48 0 0 0 27 0 0 0 0 0 0 0 0 0 0 1 
10 24 53.014 214 4 5 0 0 0 0 0 0 19 0 0 1 0 1 0 0 35 0 0 0 0 0 0 1 0 0 0 1 0 0 0 0 0 0 
10 24 56.595 215 2 1 0 0 0 0 0 0 21 0 0 0 0 0 0 0 0 1 0 0 0 0 0 1 0 0 0 0 0 0 0 0 20 0 
10 25 13.157 216 2 1 0 0 0 1 0 0 0 0 63 0 0 0 0 0 0 0 0 0 23 0 0 0 0 1 0 0 0 0 0 0 0 0 
10 25 14.130 217 3 7 0 1 0 1 18 0 0 0 0 0 0 0 0 0 0 0 0 0 0 0 0 0 0 0 0 0 0 1 83 0 0 0 
10 25 19.140 218 1 3 0 0 20 0 0 0 23 1 0 0 0 0 0 0 26 0 35 0 43 0 92 0 0 0 0 0 0 0 0 0 34 0 
10 25 31.436 219 4 5 0 0 17 1 0 0 0 0 0 2 0 0 0 0 0 0 0 1 0 0 0 0 0 0 0 0 0 0 0 0 16 0 
10 25 34.404 220 3 5 0 1 26 0 16 0 0 0 0 0 16 0 0 0 0 0 22 0 0 0 0 1 0 0 16 0 0 0 0 1 0 0 
10 25 41.637 221 4 5 0 0 0 1 0 0 0 0 0 0 0 0 18 1 0 0 0 0 0 0 0 1 0 1 0 0 0 0 0 0 20 0 
10 25 44.445 222 2 1 0 1 0 1 0 0 12 0 0 0 0 0 0 0 0 0 0 0 0 0 0 0 0 0 42 0 0 0 0 0 0 0 
10 25 46.503 223 6 5 0 0 0 0 0 0 0 0 0 1 0 0 0 0 19 1 0 0 0 1 0 1 0 0 0 0 0 1 20 0 0 1 
10 25 48.957 224 3 7 0 0 0 1 0 1 26 0 0 0 15 1 0 0 0 0 29 0 0 0 0 0 31 0 0 0 0 0 0 0 18 0 
10 25 55.848 225 4 5 0 2 0 0 0 0 0 0 46 0 0 0 0 0 0 0 0 0 28 0 0 0 0 0 0 0 0 1 0 0 0 1 
10 25 56.976 226 3 5 0 0 33 0 0 0 0 1 0 0 0 0 0 0 0 0 0 0 0 0 0 0 0 1 0 0 24 1 0 0 0 0 
10 25 56.529 227 5 5 0 0 0 0 0 0 0 0 0 1 0 0 0 1 0 0 0 0 24 2 0 0 16 1 0 0 0 0 0 0 0 0 
10 25 57.373 228 2 1 0 0 0 0 0 0 0 0 0 0 0 0 0 0 0 0 0 0 33 0 0 1 0 0 0 0 0 0 52 0 0 1 
10 25 57.554 229 4 5 0 0 0 0 0 1 0 0 0 0 0 1 45 1 0 1 0 0 0 0 0 0 0 0 0 0 0 0 0 0 19 0 
10 26 19.574 231 1 1 0 0 0 1 0 0 18 0 0 0 0 0 0 0 0 0 0 0 0 0 0 0 23 0 0 0 0 0 0 0 0 0 
10 26 22.950 232 5 5 0 0 0 1 0 1 24 0 0 0 0 0 0 1 0 0 0 0 0 0 0 0 0 0 0 0 0 2 0 0 43 0 
10 26 29.258 233 1 1 0 0 46 0 0 0 0 0 0 0 0 0 0 0 0 0 0 0 0 0 0 1 24 0 0 0 0 0 22 0 0 0 
10 26 30.677 234 4 5 0 0 0 0 0 0 0 1 0 1 0 0 0 0 25 0 0 0 27 0 0 0 0 0 39 1 0 1 0 0 0 0 
10 26 40.265 235 6 7 0 0 26 0 0 1 0 0 0 0 0 1 0 1 0 0 24 1 18 0 45 0 0 1 0 0 0 0 16 1 13 0 
10 26 43.476 236 1 1 0 0 0 0 0 1 0 0 0 0 0 0 27 0 0 0 41 0 0 0 0 0 0 0 0 0 0 0 0 0 0 0 
10 26 50.630 237 3 5 0 0 0 0 0 1 0 0 0 0 0 0 0 0 0 0 0 0 0 0 0 0 0 0 0 0 23 0 18 0 0 2 
10 27 00.293 238 8 7 0 1 42 1 0 1 39 0 56 0 0 1 11 0 120 1 0 0 0 0 0 0 0 0 0 1 0 2 0 0 30 0 
10 27 02.079 239 2 1 0 0 43 0 18 0 0 0 0 0 0 0 0 0 0 1 0 1 0 0 0 0 0 0 0 0 0 0 0 0 0 0 
10 27 02.552 240 3 5 56 0 0 0 0 0 0 0 0 0 0 1 0 1 0 0 0 0 0 0 0 0 0 0 21 0 0 1 0 0 0 0 
10 27 06.073 241 4 5 0 0 0 1 0 0 0 1 0 0 0 0 0 0 0 0 0 0 11 0 0 0 0 0 0 1 11 1 0 0 0 0 
10 27 13.968 242 4 5 0 1 0 0 0 0 0 1 0 0 0 0 0 0 0 0 0 0 0 0 0 0 0 0 21 0 0 0 50 0 0 2 
10 27 17.909 243 3 5 0 0 0 0 15 0 22 2 0 1 0 0 0 0 0 0 0 0 0 0 0 0 0 0 0 0 0 0 0 0 0 0 
10 27 25.082 244 4 5 18 1 0 0 0 0 0 0 0 0 0 1 0 0 0 1 0 0 0 1 22 0 0 0 0 0 0 0 0 0 0 0 
10 27 26.286 245 2 3 0 1 19 0 0 0 0 0 14 0 43 0 33 1 12 0 0 0 0 0 37 0 0 0 40 0 21 0 54 0 32 0 
10 27 54.488 246 4 5 32 1 0 0 0 0 0 0 0 0 0 0 43 0 0 0 0 1 0 0 0 1 0 0 0 1 0 0 0 0 0 0 
10 27 55.164 247 4 5 0 0 0 1 0 0 0 1 0 1 0 1 0 0 0 0 0 0 0 0 0 0 43 0 0 0 9 0 0 0 0 0 
10 27 58.158 248 5 5 0 1 0 0 0 2 0 0 0 0 0 0 0 0 0 0 0 0 0 0 21 0 0 0 22 1 20 0 0 0 0 1 
10 28 00.863 249 4 5 0 0 0 0 0 1 0 0 0 0 0 1 0 0 16 0 0 0 0 0 0 1 0 0 38 0 0 1 0 0 0 0 
10 28 05.598 250 3 5 0 0 0 0 0 0 18 1 0 1 0 0 0 0 0 0 0 0 26 0 0 0 0 0 0 0 0 0 0 0 0 1 
10 28 07.025 251 5 5 26 0 0 0 42 2 0 0 0 0 0 0 0 1 0 1 0 0 0 0 0 0 0 0 0 0 0 0 0 1 0 0 
10 28 07.082 252 4 5 0 0 0 1 0 0 0 1 0 0 0 1 18 0 0 1 0 0 20 0 0 0 0 0 0 0 0 0 0 0 0 0 
10 28 12.374 253 2 1 0 0 0 0 0 0 0 0 0 1 19 0 0 1 0 0 0 0 34 0 0 0 0 0 0 0 0 0 0 0 0 0 
10 28 16.128 254 6 7 0 0 0 2 0 0 0 0 44 1 0 0 0 0 0 1 25 0 64 0 38 0 0 1 0 0 99 1 48 0 24 0 
10 28 16.363 255 4 5 49 0 0 0 0 0 0 0 10 0 0 1 0 1 0 0 0 0 0 1 0 0 0 0 0 0 0 0 0 0 0 1 
10 28 17.329 256 4 5 0 0 0 0 0 1 23 0 0 0 0 0 0 0 0 0 23 1 0 0 0 0 0 1 0 0 0 0 0 1 15 0 
10 28 18.848 257 2 3 37 0 11 0 22 1 29 0 47 0 0 1 0 0 0 0 20 0 0 0 0 0 0 0 91 0 0 0 19 0 0 0 
10 28 22.684 258 2 1 0 0 0 0 24 0 23 0 0 0 0 0 0 1 0 0 0 0 0 0 0 0 0 1 0 0 0 0 0 0 0 0 
10 28 30.820 259 6 5 0 0 0 0 0 1 0 0 0 0 0 1 0 0 31 0 0 1 0 0 0 0 15 0 0 1 0 2 0 0 0 0 
10 28 39.338 260 3 5 17 0 51 0 0 1 0 0 0 0 0 0 0 0 0 0 0 1 0 0 0 0 0 0 0 0 0 0 0 1 0 0 
10 28 46.822 261 2 1 0 0 0 0 0 0 0 0 0 0 33 0 0 0 23 0 0 0 0 0 0 0 0 1 0 0 0 0 0 0 0 1 
10 28 53.886 262 3 5 0 0 0 1 20 0 0 0 0 2 0 0 0 0 0 0 0 0 0 0 27 0 0 0 0 0 0 0 0 0 0 0 
10 28 54.598 263 3 5 0 1 0 0 29 1 0 0 0 0 0 0 0 0 0 0 0 0 0 0 0 0 0 0 0 0 0 0 35 0 0 1 
10 28 56.909 264 3 5 0 0 0 0 0 0 0 0 0 0 0 1 0 1 0 0 0 0 0 0 17 0 0 0 0 0 12 0 0 0 0 1 
10 28 57.000 265 0 0 0 0 0 0 0 0 0 0 0 0 0 0 0 0 0 0 0 0 0 0 0 0 0 0 0 0 0 0 0 0 0 0 
10 28 58.712 266 2 1 16 0 0 0 0 0 0 0 0 0 34 0 0 0 0 0 0 0 0 0 0 0 0 0 0 0 0 1 0 0 0 1 
10 29 01.450 267 1 1 21 0 0 0 37 1 0 0 0 0 24 0 0 0 0 0 0 0 0 0 0 0 0 0 0 0 0 0 0 0 0 0 
10 29 08.537 268 2 1 0 0 0 0 0 0 0 1 0 0 0 0 0 0 0 0 0 0 0 0 0 0 0 1 0 0 15 0 14 0 0 0 
10 29 20.219 269 3 7 0 0 25 0 0 0 0 0 49 0 0 0 0 1 0 0 0 0 0 1 0 0 0 0 28 0 0 0 0 0 0 1 
10 29 30.614 270 4 7 0 0 43 0 0 1 0 1 72 0 54 0 0 0 0 0 14 0 0 0 0 0 0 0 0 0 0 2 0 0 0 0 
10 29 33.678 271 3 5 12 0 0 1 0 0 0 0 0 0 0 0 0 1 0 1 0 0 0 0 0 0 0 0 0 0 15 0 0 0 0 0 
10 29 39.959 272 1 1 0 0 0 0 0 0 0 0 16 0 0 0 0 0 23 0 0 0 0 0 0 0 0 0 0 0 0 1 0 0 20 0 
10 29 50.530 273 2 1 0 0 0 0 23 0 0 0 0 0 0 0 0 0 0 0 0 0 0 0 0 1 0 0 0 0 0 0 0 1 15 0 
10 29 56.870 274 2 1 0 0 0 0 27 0 0 1 29 0 0 0 0 0 0 0 0 0 0 0 0 0 0 0 0 1 0 0 0 0 21 0 
10 30 00.456 275 2 1 0 0 0 0 0 0 0 0 30 0 0 0 0 0 0 0 0 1 0 0 0 1 16 0 29 0 0 0 0 0 22 0 
10 30 11.651 276 1 1 18 0 0 0 0 0 52 0 0 0 0 0 0 0 0 0 0 0 0 0 0 0 0 0 0 0 0 1 0 0 0 0 
10 30 14.875 277 4 7 0 1 0 0 0 0 0 0 0 0 0 0 0 0 0 0 0 0 0 0 0 0 0 0 19 1 0 0 90 0 0 2 
10 30 25.007 278 1 1 22 0 28 0 0 0 0 0 0 0 0 0 0 0 0 0 0 0 0 0 0 0 0 0 15 0 0 0 0 0 0 1 
10 30 28.126 279 5 5 0 0 0 0 0 0 20 0 0 0 13 1 0 0 0 0 0 2 0 0 0 0 0 0 0 0 0 0 0 1 0 1 
10 30 31.436 280 4 5 0 2 0 0 0 0 20 0 0 0 0 0 0 0 0 0 0 0 18 0 0 1 0 0 0 1 0 0 0 0 0 0 
10 30 40.667 281 4 5 0 1 0 0 0 0 31 0 0 1 0 0 0 0 0 0 0 0 0 1 0 0 29 0 0 0 0 1 0 0 0 0 
10 30 40.731 282 3 5 15 2 0 0 0 0 0 0 0 0 27 0 0 0 0 1 0 0 0 0 0 0 0 0 0 0 0 0 0 0 0 0 
10 30 44.333 283 2 1 0 0 0 0 15 0 0 0 0 0 0 0 0 0 0 0 12 0 0 1 0 0 21 0 0 0 0 1 14 0 0 0 
10 30 48.287 284 2 1 0 0 0 0 0 1 0 0 0 0 0 0 0 0 0 0 19 0 0 0 0 0 0 0 25 0 0 0 0 1 0 0 
10 30 53.878 285 1 1 0 0 12 0 0 0 0 0 0 0 0 0 0 1 0 0 0 0 0 0 0 0 0 0 0 0 0 0 44 0 0 0 
10 30 56.226 286 2 1 0 0 0 0 0 0 0 0 0 0 0 0 0 0 0 0 0 0 0 1 0 0 0 0 15 0 0 1 32 0 0 0 
10 31 01.009 287 3 5 0 0 27 1 0 0 0 0 0 0 0 0 0 0 0 0 0 0 11 1 0 1 0 0 0 0 0 0 0 0 34 0 
10 31 01.193 288 1 1 0 0 0 0 0 0 0 0 22 0 0 0 0 0 0 0 0 0 0 0 0 0 0 0 0 0 14 0 0 0 0 1 
10 31 04.757 289 1 1 13 0 0 0 30 0 0 1 0 0 0 0 0 0 0 0 0 0 0 0 0 0 0 0 0 0 0 0 0 0 0 0 
10 31 06.589 290 4 5 0 0 0 0 16 0 0 2 0 0 0 0 0 0 0 1 0 1 0 0 0 0 0 0 0 0 0 0 17 0 0 0 
10 31 15.200 291 0 1 0 0 0 0 31 0 0 0 0 0 0 0 0 0 0 0 0 0 0 0 0 0 24 0 0 0 0 0 0 0 0 0 
10 31 23.120 292 4 7 48 0 38 0 23 0 0 0 0 0 26 0 22 0 38 0 0 0 0 0 0 0 0 0 0 1 0 1 0 0 0 2 
10 31 46.138 293 3 5 0 0 21 0 0 0 0 0 0 0 21 0 0 0 0 1 0 0 0 0 0 0 0 0 0 1 0 1 0 0 0 0 
10 31 55.185 294 0 3 19 0 0 0 0 0 0 0 43 0 0 0 0 0 0 0 55 0 0 0 0 0 0 0 0 0 0 0 0 0 0 0 
10 31 59.113 295 3 5 0 0 0 0 21 0 0 1 0 1 0 0 31 0 0 0 0 0 0 0 0 0 0 0 0 1 0 0 0 0 0 0 
10 32 05.434 296 3 5 0 0 0 1 0 0 0 0 0 0 0 0 0 0 0 0 16 0 0 1 0 0 0 0 0 0 0 0 16 1 0 0 
10 32 05.705 297 1 1 0 0 0 0 0 0 0 0 0 0 0 0 0 0 0 0 0 0 35 0 0 1 0 0 0 0 0 0 51 0 0 0 
10 32 15.203 298 2 1 0 0 0 0 0 1 0 0 0 0 0 0 0 1 0 0 0 0 35 0 0 0 0 0 23 0 0 0 0 0 0 0 
10 32 22.711 299 3 7 0 0 0 0 20 0 28 0 53 0 0 0 49 0 34 1 0 0 0 0 19 1 0 0 0 0 0 0 27 1 0 0 
10 32 23.612 300 2 3 19 0 29 0 74 0 0 0 13 0 59 0 0 0 0 1 0 0 16 0 0 0 0 0 0 0 0 1 0 0 0 0 
10 32 31.005 301 2 3 0 0 0 0 0 1 0 0 0 0 96 0 0 0 29 0 0 0 0 1 0 0 0 0 0 0 24 0 0 0 0 0 
10 32 46.779 302 1 1 0 0 0 0 0 0 0 0 0 1 0 0 0 0 0 0 23 0 0 0 0 0 11 0 0 0 0 0 0 0 0 0 
10 32 46.833 303 2 1 0 0 19 0 29 0 0 0 0 1 0 0 0 0 0 0 0 0 0 0 0 0 0 0 0 1 0 0 0 0 0 0 
10 32 52.809 304 5 5 0 1 0 1 0 0 30 1 23 0 0 0 0 1 0 0 0 0 0 0 0 0 0 0 0 1 0 0 0 0 0 0 
10 32 58.957 305 2 1 0 1 0 1 0 0 0 0 0 0 0 0 0 0 0 0 0 0 18 0 0 0 0 0 15 0 0 0 0 0 0 0 
10 32 59.572 306 1 1 0 0 0 0 0 0 0 1 0 0 0 0 0 0 23 0 0 0 0 0 0 0 0 0 0 0 27 0 0 0 0 0 
10 33 07.832 307 5 5 0 0 13 1 0 2 0 0 0 0 0 0 28 0 0 0 0 0 0 0 0 0 0 1 22 0 0 1 0 0 0 0 
10 33 08.325 308 3 5 0 1 0 0 0 0 20 1 0 0 18 0 0 0 0 0 0 0 0 0 0 0 0 0 0 1 0 0 0 0 0 0 
10 33 11.469 309 2 1 0 0 0 0 0 1 28 1 0 0 23 0 0 0 0 0 0 0 0 0 0 0 0 0 0 0 0 0 0 0 0 0 
10 33 22.920 310 2 1 0 0 15 0 0 0 0 0 0 1 32 0 0 0 0 0 0 0 0 0 0 1 0 0 0 0 0 0 0 0 0 0 
10 33 28.409 311 2 1 0 0 0 0 0 0 0 0 20 0 0 0 0 0 0 0 0 0 0 0 0 1 21 1 0 0 0 0 0 0 0 0 
10 33 38.218 312 2 1 0 0 0 0 0 0 24 1 0 0 0 0 0 0 0 0 0 0 0 0 0 0 19 0 0 0 0 1 0 0 0 0 
10 33 38.631 313 5 5 10 0 0 0 25 0 0 0 0 0 0 0 0 0 0 1 0 2 0 0 0 0 0 0 0 1 0 0 0 0 0 1 
10 33 47.918 314 4 5 0 0 0 0 0 0 0 0 0 1 0 0 22 0 0 0 0 0 34 0 0 0 0 1 0 1 0 0 0 0 0 1 
10 33 57.000 315 2 0 0 0 0 0 0 0 0 0 0 0 0 0 0 0 0 0 0 0 0 0 0 0 0 1 0 0 0 0 0 1 0 0 
10 33 58.111 316 1 1 16 0 0 1 0 0 17 0 0 0 0 0 0 0 0 0 0 0 0 0 0 0 0 0 0 0 0 0 0 0 0 0 
10 34 01.551 317 2 1 0 0 0 0 0 0 0 1 0 0 0 0 0 0 0 0 0 1 0 0 20 0 0 0 19 0 0 0 0 0 0 0 
10 34 05.410 318 3 5 0 0 0 0 0 0 0 0 18 0 0 0 0 0 0 1 0 0 0 0 0 1 0 0 0 1 0 0 26 0 0 0 
10 34 07.067 319 4 5 0 0 0 0 0 1 0 0 23 0 28 0 0 0 0 0 0 0 0 0 0 0 0 1 0 0 0 2 0 0 0 0 
10 34 08.182 320 4 7 31 0 0 1 0 0 0 0 23 0 17 1 27 0 14 0 0 1 0 0 0 0 0 0 0 0 0 0 0 0 0 1 
10 34 15.903 321 1 1 0 0 21 1 0 0 0 0 0 0 0 0 0 0 0 0 0 0 0 0 0 0 0 0 0 0 0 0 0 0 23 0 
10 34 23.552 322 2 3 0 0 0 0 0 0 0 0 27 0 0 0 19 0 19 1 0 1 0 0 0 0 0 0 19 0 11 0 0 0 10 0 
10 34 36.499 323 0 1 0 0 0 0 0 0 0 0 60 0 0 0 0 0 29 0 0 0 0 0 0 0 0 0 0 0 0 0 0 0 0 0 
10 34 37.301 324 0 1 0 0 27 0 0 0 0 0 0 0 0 0 0 0 0 0 0 0 0 0 0 0 0 0 0 0 0 0 16 0 0 0 
10 34 37.395 325 4 5 0 0 0 0 0 1 0 0 0 0 0 0 0 1 0 0 43 0 36 0 0 0 0 1 0 1 0 0 0 0 0 0 
10 34 55.033 326 1 1 20 0 0 0 0 0 0 0 0 0 0 0 0 0 0 0 0 0 0 0 0 0 0 1 50 0 0 0 0 0 0 0 
10 35 03.548 327 3 5 0 0 0 0 0 0 0 0 0 0 0 0 24 0 0 0 0 0 0 0 0 0 0 0 14 0 0 0 0 2 0 1 
10 35 04.665 328 0 1 14 0 0 0 0 0 0 0 0 0 0 0 0 0 0 0 0 0 0 0 0 0 0 0 0 0 26 0 0 0 0 0 
10 35 11.961 329 1 1 0 0 0 0 0 0 0 1 0 0 0 0 0 0 0 0 0 0 0 0 0 0 0 0 24 0 26 0 0 0 0 0 
10 35 11.686 330 0 1 0 0 0 0 0 0 17 0 0 0 30 0 0 0 0 0 0 0 0 0 0 0 0 0 0 0 0 0 0 0 0 0 
10 35 14.047 331 2 1 29 0 0 0 0 1 0 0 0 0 0 0 0 0 0 0 0 0 0 0 0 0 0 0 0 0 23 1 0 0 0 0 
10 35 14.826 332 5 7 46 1 57 0 23 1 0 0 37 0 39 1 0 1 36 0 37 0 84 0 40 0 0 0 419 0 36 0 0 0 39 1 
10 35 22.466 333 2 1 0 0 16 0 0 0 0 1 0 0 0 0 0 0 0 0 0 0 0 0 0 0 0 0 0 0 0 0 0 1 16 0 
10 35 22.813 334 3 5 0 0 0 0 0 2 43 0 0 1 0 0 0 0 0 0 0 0 0 0 0 0 0 0 13 0 0 0 0 0 0 0 
10 35 28.783 335 7 5 0 1 0 0 0 0 0 0 0 0 17 0 0 0 0 0 0 0 43 3 0 0 0 1 0 1 0 0 0 0 0 1 
10 35 30.040 336 4 5 0 0 0 0 15 0 0 0 0 0 0 0 14 0 0 0 0 1 0 0 22 0 0 1 0 1 0 0 0 1 0 0 
10 35 32.762 337 3 5 0 1 29 0 0 0 0 0 0 0 16 1 0 1 0 0 0 0 0 0 0 0 0 0 0 0 0 0 0 0 0 0 
10 35 35.805 338 2 1 0 0 0 0 0 0 0 0 0 0 0 0 0 0 0 0 28 0 0 0 0 0 0 0 27 1 0 0 0 0 0 1 
10 35 43.357 339 4 5 13 0 0 0 0 0 0 0 0 1 0 1 0 1 13 0 0 0 0 0 0 0 0 0 0 1 0 0 0 0 0 0 
10 35 45.626 340 3 5 0 1 0 0 0 0 0 0 0 1 0 0 0 0 0 0 0 1 0 0 0 0 0 0 17 0 21 0 0 0 0 0 
10 35 50.870 341 4 5 0 0 9 0 0 0 17 0 0 0 0 0 0 1 0 0 0 1 0 1 0 0 0 0 0 1 0 0 0 0 0 0 
10 35 51.833 342 7 5 0 1 0 1 0 0 0 0 0 1 35 0 0 0 0 0 0 1 0 0 12 1 0 0 0 0 0 1 0 0 0 1 
10 35 53.960 343 3 5 0 0 0 0 27 1 0 2 0 0 0 0 0 0 26 0 0 0 0 0 0 0 0 0 0 0 0 0 0 0 0 0 
10 35 57.188 344 5 5 0 0 0 0 0 0 0 1 0 0 0 1 0 0 0 0 21 0 28 1 0 0 0 1 0 0 0 1 0 0 0 0 
10 36 03.454 345 4 5 0 0 0 1 0 0 0 1 0 0 0 0 0 0 0 0 0 0 18 0 0 0 0 0 0 0 0 1 19 0 0 1 
10 36 09.030 346 5 5 0 1 0 1 0 0 0 0 37 1 0 0 0 0 0 0 0 0 0 0 0 0 0 0 17 1 0 0 0 0 0 1 
10 36 27.951 347 0 1 0 0 0 0 0 0 18 0 0 0 0 0 0 0 0 0 0 0 0 0 0 0 0 0 0 0 26 0 0 0 0 0 
10 36 28.405 348 1 1 0 0 0 0 17 0 0 0 0 0 0 0 0 0 0 0 0 0 0 0 0 0 0 0 0 0 0 1 38 0 0 0 
10 36 37.023 349 1 1 0 0 0 0 0 0 0 0 0 0 0 0 0 0 0 1 0 0 0 0 0 0 0 0 0 0 10 0 0 0 14 0 
10 36 47.318 350 5 5 0 0 0 1 0 0 0 1 0 0 25 0 23 0 0 1 0 0 0 0 0 0 0 0 0 0 0 0 0 1 0 1 
10 36 51.299 351 1 1 0 0 0 0 0 0 0 0 0 0 23 0 0 1 0 0 0 0 0 0 0 0 0 0 0 0 20 0 0 0 0 0 
10 36 52.363 352 9 5 0 1 0 1 0 0 0 2 0 2 0 0 0 0 0 0 17 0 0 0 0 1 0 0 0 0 0 2 13 0 0 0 
10 36 53.364 353 1 1 0 0 0 0 0 0 0 0 0 1 0 0 0 0 0 0 0 0 0 0 24 0 0 0 0 0 0 0 22 0 0 0 
10 36 57.114 354 0 1 0 0 0 0 0 0 0 0 0 0 0 0 27 0 0 0 19 0 0 0 0 0 0 0 0 0 0 0 0 0 0 0 
10 37 04.272 355 4 5 0 0 0 1 0 0 0 1 0 0 23 0 0 0 0 0 0 0 0 0 0 0 0 1 0 0 33 1 0 0 0 0 
10 37 04.837 356 4 5 18 0 0 0 0 1 0 1 0 0 0 0 0 0 16 0 0 0 0 0 0 0 0 0 0 0 0 0 0 1 0 1 
10 37 09.319 357 2 1 0 1 0 0 0 0 0 0 0 0 21 0 0 0 0 0 0 0 34 0 0 0 0 0 0 0 0 0 0 1 0 0 
10 37 19.795 358 4 5 0 1 21 0 0 0 0 0 0 0 0 0 0 0 0 0 0 0 0 1 27 0 0 0 0 0 0 0 0 1 0 1 
10 37 24.323 359 5 5 12 1 0 0 0 1 0 0 20 0 0 1 0 0 0 0 0 0 0 0 0 0 0 0 0 0 0 1 0 0 0 1 
10 37 41.978 360 6 5 0 0 0 0 20 0 0 0 0 0 22 0 0 2 0 0 0 0 0 0 0 0 0 0 0 0 0 1 52 2 0 1 
10 37 49.556 361 2 1 0 0 13 0 0 0 0 0 0 0 0 0 0 0 0 0 0 0 0 0 20 0 0 1 0 0 0 1 0 0 0 0 
10 37 50.558 362 2 1 0 0 17 0 0 0 23 0 0 0 0 1 0 0 0 0 0 0 0 0 0 0 0 0 0 1 0 0 0 0 0 0 
10 37 56.151 363 3 5 0 1 0 0 0 0 0 0 0 0 0 0 38 0 0 2 0 0 0 0 0 0 0 0 0 0 0 0 0 0 11 0 
10 38 07.622 364 4 7 0 0 58 0 18 1 108 1 25 1 0 0 16 0 120 0 62 0 31 0 27 0 67 0 15 1 48 0 0 0 35 0 
10 38 07.748 365 2 1 0 0 0 0 0 0 0 0 0 0 0 0 0 0 0 0 53 0 0 0 0 0 0 0 0 0 0 0 32 1 0 1 
10 38 10.297 366 3 5 29 1 0 0 42 0 0 0 0 1 0 1 0 0 0 0 0 0 0 0 23 0 0 0 0 0 0 0 0 0 0 0 
10 38 13.305 367 4 5 0 0 0 0 25 0 0 0 0 2 0 0 0 0 0 0 0 1 25 0 0 0 0 0 0 0 0 0 0 0 0 1 
10 38 14.938 368 5 5 0 0 0 0 0 0 29 0 0 0 0 0 0 1 0 1 0 1 0 1 24 0 0 0 0 0 0 0 0 1 0 0 
10 38 17.360 369 0 1 0 0 0 0 0 0 0 0 0 0 0 0 0 0 0 0 0 0 0 0 19 0 0 0 21 0 0 0 0 0 0 0 
10 38 18.234 370 2 1 0 0 0 0 0 0 0 0 0 1 0 0 0 0 0 0 0 0 0 0 16 0 0 0 24 0 0 0 0 0 0 1 
10 38 27.267 371 2 1 0 0 0 0 0 0 0 0 17 0 0 0 0 0 0 0 0 0 0 2 0 0 0 0 0 0 0 0 0 0 22 0 
10 38 27.586 372 0 1 0 0 0 0 42 0 22 0 0 0 0 0 0 0 0 0 0 0 0 0 0 0 20 0 0 0 0 0 0 0 0 0 
10 38 42.128 373 2 1 0 0 0 0 0 0 0 0 0 0 33 0 21 0 0 0 0 0 0 0 0 0 0 1 0 0 0 0 0 0 0 1 
10 38 44.239 374 6 5 0 0 0 1 0 1 0 0 0 1 0 0 0 1 0 1 0 0 0 0 0 0 0 0 0 0 0 0 45 1 21 0 
10 38 45.865 375 3 5 0 0 0 0 0 1 0 0 0 0 0 0 0 0 0 1 0 0 0 0 0 0 0 0 27 0 0 1 15 0 0 0 
10 38 50.717 376 4 5 0 1 0 0 0 0 0 0 28 2 0 0 0 0 14 1 0 0 0 0 0 0 0 0 0 0 0 0 0 0 0 0 
10 38 55.537 377 1 3 29 0 23 0 0 0 145 0 14 0 46 0 55 0 83 0 0 0 0 0 23 0 72 0 69 0 33 1 76 0 39 0 
10 38 57.000 378 2 0 0 0 0 0 0 1 0 0 0 0 0 0 0 0 0 0 0 0 0 0 0 1 0 0 0 0 0 0 0 0 0 0 
10 39 03.039 379 3 5 13 2 0 0 0 0 42 0 0 0 0 0 0 0 0 0 0 0 0 0 0 0 0 0 0 0 0 0 0 0 0 1 
10 39 09.139 381 2 1 25 0 0 0 28 0 0 0 0 0 0 1 0 0 0 0 0 0 0 0 0 0 0 1 0 0 0 0 0 0 0 0 
10 39 17.308 382 3 5 15 0 0 0 0 0 0 0 0 0 0 0 0 0 0 0 0 0 0 0 0 0 0 1 0 0 21 1 0 1 0 0 
10 39 21.452 383 2 1 0 0 17 0 0 0 0 0 0 0 0 0 0 0 0 0 0 1 0 0 0 0 0 0 0 0 0 0 17 0 0 1 
10 39 36.767 384 2 1 0 0 25 0 0 0 0 0 19 0 0 0 0 1 0 0 0 0 0 1 0 0 0 0 0 0 0 0 0 0 0 0 
10 39 44.074 385 1 1 0 0 0 0 22 1 20 0 0 0 0 0 0 0 0 0 0 0 0 0 0 0 0 0 0 0 0 0 17 0 0 0 
10 39 47.296 386 1 1 0 1 0 0 0 0 0 0 0 0 0 0 0 0 0 0 0 0 0 0 0 0 0 0 19 0 0 0 42 0 0 0 
10 39 50.165 387 2 1 0 1 0 0 0 0 37 0 0 1 0 0 27 0 0 0 0 0 0 0 0 0 0 0 0 0 0 0 0 0 0 0 
10 39 52.755 388 4 5 0 0 0 0 0 1 0 1 0 0 0 0 0 1 0 0 0 0 24 0 0 0 0 0 19 0 0 0 0 1 0 0 
10 39 57.297 389 2 1 0 0 0 0 0 1 24 0 0 0 0 0 0 0 0 0 40 1 0 0 0 0 0 0 0 0 0 0 0 0 0 0 
10 40 01.972 390 3 5 0 0 0 0 0 0 0 0 0 0 0 0 0 2 0 0 0 0 0 0 24 0 35 0 0 0 0 1 0 0 0 0 
10 40 01.546 391 4 5 0 1 0 0 0 0 0 1 39 0 0 1 0 0 0 0 0 0 0 0 0 0 0 0 0 0 19 0 0 1 15 0 
10 40 02.117 392 3 7 0 0 0 0 0 0 19 0 0 1 0 0 0 1 0 0 0 0 27 0 0 1 0 0 0 0 50 0 0 0 15 0 
10 40 03.817 393 2 1 0 0 0 0 0 0 0 0 0 2 0 0 0 0 0 0 0 0 28 0 23 0 0 0 0 0 0 0 20 0 0 0 
10 40 04.483 394 5 5 0 0 0 0 0 0 0 0 0 1 0 0 0 0 0 0 0 0 0 0 28 0 0 1 20 1 0 0 0 0 0 2 
10 40 06.517 395 5 5 0 0 13 1 0 0 0 1 0 0 0 0 0 0 23 0 0 0 0 0 0 0 0 0 0 0 0 1 0 1 0 1 
10 40 06.732 396 0 1 44 0 22 0 0 0 0 0 0 0 0 0 0 0 0 0 0 0 0 0 0 0 0 0 0 0 0 0 0 0 0 0 
10 40 13.232 397 5 5 0 0 0 0 0 1 0 0 0 2 0 0 0 0 0 0 0 0 0 0 0 0 0 0 21 1 0 0 39 0 0 1 
10 40 36.900 398 2 1 38 0 0 0 0 0 0 0 0 0 0 0 0 0 25 0 0 1 0 0 23 0 0 0 0 0 0 0 0 0 0 1 
10 40 40.239 399 7 5 0 0 0 1 0 0 0 1 0 1 0 0 0 1 0 0 0 1 23 0 0 0 41 0 0 0 0 1 0 0 0 1 
10 40 52.925 400 3 5 0 0 0 0 0 0 0 1 0 0 37 0 31 0 0 1 0 0 0 0 0 0 0 0 0 1 0 0 0 0 0 0 
10 41 00.197 401 4 5 0 0 0 0 0 0 0 1 0 0 29 0 0 1 0 1 0 0 0 0 0 1 20 0 18 0 0 0 0 0 26 0 
10 41 09.164 402 4 5 0 0 0 0 0 0 0 1 0 1 0 0 18 0 31 0 0 1 0 0 0 1 0 0 0 0 0 0 0 0 0 0 
10 41 15.950 403 3 5 12 0 0 1 0 1 0 0 0 1 0 0 0 0 23 0 0 0 0 0 0 0 0 0 0 0 0 0 0 0 0 0 
10 41 15.189 404 3 5 0 0 0 0 0 0 0 0 0 0 0 0 0 1 0 1 0 0 26 0 0 0 25 0 0 1 0 0 0 0 13 0 
10 41 33.982 405 7 5 16 1 0 1 0 1 0 0 0 0 38 0 0 0 0 1 0 0 0 0 23 0 0 0 0 1 0 0 0 0 0 2 
10 41 35.151 406 4 5 0 0 0 0 0 0 0 1 0 0 0 0 0 0 16 0 0 0 0 0 45 1 0 0 0 0 0 0 0 1 0 1 
10 41 41.658 407 3 5 0 0 0 0 21 0 0 1 0 0 0 0 0 0 0 0 0 0 0 0 0 0 27 1 0 1 0 0 0 0 0 0 
10 41 50.439 408 2 3 0 0 0 0 60 0 0 0 0 1 0 0 0 0 0 0 0 0 0 0 0 0 47 0 0 0 0 0 0 1 0 0 
10 41 53.471 409 2 1 0 0 26 0 0 0 0 0 25 0 0 0 0 0 0 0 0 0 0 0 0 0 0 0 0 1 0 0 0 0 0 1 
10 41 58.923 410 5 5 0 1 0 0 0 0 0 1 19 0 0 0 0 2 0 0 0 1 0 0 0 0 0 0 0 0 0 0 19 0 0 0 
10 41 58.686 411 1 1 0 0 0 1 0 0 0 0 0 0 0 0 0 0 0 0 30 0 0 0 0 0 0 0 24 0 0 0 0 0 0 0 
10 42 01.646 412 4 5 0 0 0 0 0 0 0 0 0 0 0 0 18 0 0 0 0 0 0 0 18 1 0 0 0 0 0 0 0 1 0 2 
10 42 04.816 413 2 1 17 0 0 1 0 0 0 0 0 0 0 0 0 0 0 0 0 0 18 0 0 0 0 0 0 1 0 0 0 0 0 0 
10 42 07.228 414 4 5 0 1 0 1 0 0 0 0 0 0 0 0 50 0 0 0 0 0 0 0 21 1 26 1 0 0 0 0 0 0 0 0 
10 42 14.581 415 1 1 0 0 0 0 0 0 20 1 0 0 0 0 0 0 11 0 0 0 0 0 0 0 0 0 0 0 0 0 0 0 0 0 
10 42 23.350 416 5 5 0 0 0 1 0 1 0 0 0 0 0 0 20 0 0 0 0 0 0 0 0 0 34 0 0 0 19 1 18 0 0 2 
10 42 30.582 417 4 7 12 0 15 0 52 0 25 0 0 0 0 0 0 0 0 0 0 1 0 0 83 0 0 1 0 0 0 0 0 1 33 1 
10 42 32.570 418 1 1 21 0 0 0 0 0 0 0 0 0 0 0 38 0 0 0 0 0 0 1 0 0 0 0 0 0 18 0 0 0 0 0 
10 42 37.224 419 4 5 14 0 15 1 0 0 0 0 0 0 0 1 0 0 0 0 31 0 0 0 0 0 0 0 0 0 0 0 0 0 0 2 
10 42 38.223 420 1 1 0 0 0 0 26 0 0 0 0 0 0 0 0 0 0 0 0 0 0 0 0 0 43 0 0 1 0 0 0 0 0 0 
10 42 57.014 421 2 1 69 0 0 1 0 0 0 0 26 0 0 0 0 0 0 0 0 0 0 0 0 0 0 0 0 0 0 1 0 0 0 0 
10 43 01.069 422 3 5 13 0 36 0 0 0 0 1 0 0 0 0 0 1 0 0 0 0 0 0 0 0 0 1 0 0 0 0 0 0 0 0 
10 43 04.771 423 7 5 0 1 0 1 0 0 0 0 0 1 0 0 0 1 0 0 0 0 0 0 11 0 0 2 0 1 0 0 0 0 22 0 
10 43 08.400 424 0 1 0 0 0 0 0 0 11 0 15 0 0 0 0 0 0 0 0 0 0 0 0 0 0 0 0 0 0 0 0 0 0 0 
10 43 13.882 425 3 5 0 1 0 0 0 0 26 0 0 0 0 0 0 0 0 0 0 0 0 0 26 0 0 0 0 1 0 1 0 0 0 0 
10 43 13.010 426 4 5 0 2 26 0 0 0 0 0 0 0 0 0 0 0 0 0 18 0 0 0 0 0 0 0 0 0 0 2 0 0 0 0 
10 43 21.317 427 2 1 0 0 0 0 0 0 0 0 0 0 0 0 0 0 0 0 0 0 0 0 0 1 17 0 0 1 25 0 22 0 0 0 
10 43 28.887 428 4 7 0 0 20 1 26 1 0 1 0 0 0 0 0 0 45 0 0 0 37 1 0 0 0 0 0 0 0 0 0 0 0 0 
10 43 28.328 429 2 1 13 1 0 0 0 0 29 0 0 0 0 0 0 0 0 1 0 0 0 0 0 0 0 0 0 0 0 0 45 0 0 0 
10 43 34.733 430 2 1 0 0 0 0 0 1 0 0 0 0 14 0 0 0 0 0 0 0 0 1 0 0 0 0 0 0 24 0 0 0 0 0 
10 43 36.745 431 4 5 0 0 0 0 0 0 0 0 0 1 0 0 0 1 0 0 0 0 0 0 34 0 0 1 11 0 29 1 0 0 0 0 
10 43 38.600 432 2 1 0 0 0 0 30 0 0 0 0 0 0 0 0 0 0 1 36 0 0 0 0 1 0 0 0 0 0 0 0 0 0 0 
10 43 47.717 433 3 5 0 1 0 0 0 0 0 0 0 1 0 0 0 0 0 1 0 0 0 0 0 0 0 0 49 0 0 0 0 0 9 0 
10 43 57.000 434 1 0 0 0 0 0 0 0 0 0 0 0 0 0 0 0 0 0 0 0 0 0 0 0 0 0 0 0 0 0 0 1 0 0 
10 43 58.103 435 3 5 0 0 0 0 0 1 0 2 0 0 0 0 0 0 0 0 47 0 0 0 20 0 0 0 0 0 0 0 0 0 0 0 
10 44 05.994 437 0 1 0 0 0 0 0 0 0 0 0 0 13 0 0 0 0 0 0 0 0 0 0 0 0 0 0 0 28 0 0 0 0 0 
10 44 07.122 438 1 3 54 0 55 0 68 0 0 0 22 0 35 0 0 0 0 0 0 0 0 0 16 0 0 0 0 0 0 0 0 0 0 1 
10 44 10.430 439 6 5 0 0 0 0 0 0 21 1 0 0 14 0 0 0 0 1 0 0 0 0 0 0 0 0 0 2 0 1 0 0 0 1 
10 44 13.568 440 3 5 0 0 0 0 0 0 0 0 0 1 32 0 0 1 0 1 0 0 0 0 0 0 0 0 40 0 0 0 0 0 0 0 
10 44 14.436 441 3 5 0 0 0 0 0 0 0 0 0 0 0 0 0 0 0 0 0 0 53 0 0 0 0 1 13 0 0 1 0 1 0 0 
10 44 16.064 442 1 1 0 0 15 0 0 0 0 0 0 0 0 0 0 0 0 1 14 0 0 0 0 0 0 0 0 0 0 0 0 0 0 0 
10 44 23.611 443 2 1 12 0 0 0 0 1 17 0 0 0 0 0 0 0 0 0 0 0 0 0 0 0 0 0 0 0 0 1 0 0 0 0 
10 44 23.783 444 2 1 0 0 0 0 0 0 0 0 0 0 0 0 19 0 14 1 0 0 0 0 0 0 0 0 0 0 0 0 0 0 0 1 
10 44 30.155 445 3 7 0 0 0 0 0 1 481 1 43 0 0 0 0 0 25 0 0 0 0 0 23 0 0 0 0 0 0 0 0 0 0 1 
10 44 41.227 446 3 5 0 0 0 0 0 1 0 0 0 0 0 0 0 0 0 0 0 0 0 0 0 0 0 0 40 0 0 0 19 2 0 0 
10 44 43.202 447 4 7 0 0 0 1 38 0 76 0 0 0 0 0 0 0 0 1 0 1 0 0 0 0 0 0 0 0 0 0 0 1 0 0 
10 44 45.632 448 3 5 0 0 0 1 0 0 0 0 0 1 0 0 0 0 0 0 0 0 0 0 0 0 0 1 26 0 0 0 34 0 0 0 
10 45 13.344 449 3 5 0 1 0 0 0 0 38 0 0 0 0 0 0 0 14 0 0 1 0 0 0 0 0 1 0 0 0 0 0 0 0 0 
10 45 16.611 450 3 5 46 0 0 0 30 1 0 0 0 0 0 1 0 0 0 0 0 0 0 1 0 0 0 0 0 0 0 0 0 0 0 0 
10 45 25.646 451 4 5 0 0 0 1 0 0 0 0 0 0 0 0 0 0 21 1 0 0 0 0 0 1 0 0 0 1 0 0 0 0 24 0 
10 45 27.415 452 2 1 0 0 0 0 0 0 0 0 23 1 0 0 0 0 0 0 0 0 0 0 0 0 0 0 0 1 0 0 21 0 0 0 
10 45 28.548 453 3 5 0 0 0 1 0 0 0 0 0 1 0 0 0 0 0 0 0 0 0 0 15 0 0 0 11 0 0 0 0 0 34 1 
10 45 33.203 454 2 1 0 0 0 0 0 1 0 0 14 1 0 0 0 0 0 0 0 0 0 0 0 0 0 0 0 0 0 0 0 0 40 0 
10 45 43.411 455 1 1 19 0 0 0 0 0 0 0 23 0 0 0 0 0 0 0 0 0 0 0 0 0 0 0 0 0 0 0 0 0 0 1 
10 45 47.960 456 2 1 0 0 0 0 0 0 0 0 0 0 0 0 0 0 0 0 0 0 0 0 16 1 0 0 15 0 0 0 0 1 0 0 
10 45 47.591 457 2 1 18 0 0 0 0 0 0 1 0 0 0 0 0 0 15 0 0 0 0 0 0 1 0 0 0 0 0 0 0 0 0 0 
10 45 48.614 458 4 7 21 0 81 0 0 0 11 0 19 0 20 0 0 1 18 2 38 0 31 0 16 0 0 1 22 0 12 0 0 0 0 0 
10 46 03.942 459 4 5 0 0 0 1 27 0 0 0 0 0 0 0 0 1 0 0 0 1 0 0 0 0 0 0 0 0 0 1 30 0 0 0 
10 46 05.630 460 2 1 0 0 0 0 19 0 0 1 0 0 0 0 28 0 0 1 0 0 0 0 0 0 0 0 0 0 0 0 0 0 0 0 
10 46 07.153 461 3 5 17 1 0 0 0 0 0 0 0 0 0 0 0 1 0 0 0 0 0 0 0 0 0 1 0 0 71 0 0 0 0 0 
10 46 08.146 462 4 5 0 1 0 1 0 1 0 0 0 0 0 0 0 0 0 1 0 0 0 0 0 0 0 0 13 0 0 0 15 0 56 0 
10 46 09.085 463 5 5 0 2 0 0 0 0 0 0 0 1 0 0 0 0 23 1 0 0 0 1 0 0 0 0 20 0 0 0 0 0 0 0 
10 46 10.896 464 1 1 0 0 38 1 0 0 0 0 0 0 0 0 0 0 0 0 0 0 0 0 0 0 0 0 0 0 20 0 0 0 0 0 
10 46 11.352 465 3 5 0 0 0 0 0 0 0 1 0 1 0 0 0 0 0 0 14 0 0 0 0 0 0 0 0 0 13 0 0 1 0 0 
10 46 13.997 466 1 3 0 0 0 0 0 0 16 0 0 0 26 0 24 0 0 0 0 0 0 0 47 0 0 0 0 0 0 0 0 1 0 0 
10 46 14.790 467 3 5 0 0 0 1 0 0 0 0 0 0 0 0 0 0 47 0 0 0 29 0 0 0 0 1 0 0 0 0 0 0 0 1 
10 46 24.955 468 3 7 441 1 327 1 436 1 212 0 140 0 259 0 161 0 100 0 168 0 176 0 183 0 89 0 66 0 59 0 69 0 37 0 
10 46 24.229 469 7 5 0 1 0 1 0 0 0 0 0 2 0 0 26 0 0 1 0 0 0 0 0 0 0 1 0 1 0 0 23 0 0 0 
10 46 29.470 470 2 1 0 1 0 0 0 0 24 0 18 0 0 0 0 0 0 0 0 1 0 0 0 0 0 0 0 0 0 0 0 0 0 0 
10 46 33.067 471 3 5 14 1 57 0 0 0 0 0 0 0 0 0 0 0 0 1 0 0 0 0 0 0 0 0 0 1 0 0 0 0 0 0 
10 46 35.643 472 2 1 0 0 0 1 0 0 0 0 0 0 0 0 0 0 0 0 0 0 0 0 17 1 0 0 0 0 0 0 26 0 0 0 
10 46 37.761 473 1 1 15 0 0 0 0 0 0 0 0 0 0 0 0 0 0 0 0 0 0 0 0 0 32 0 0 0 0 1 0 0 0 0 
10 46 38.606 474 4 5 0 1 15 0 0 0 0 0 0 1 0 0 0 0 0 0 0 1 0 1 0 0 0 0 0 0 0 0 20 0 0 0 
10 46 42.433 475 5 5 0 0 21 1 0 0 0 0 0 1 0 2 0 0 0 0 0 0 0 0 0 0 15 0 0 1 0 0 0 0 0 0 
10 46 43.307 476 2 1 0 0 33 0 0 0 0 0 0 1 0 0 0 0 0 0 0 0 0 0 0 0 0 0 16 0 0 0 0 0 0 1 
10 46 49.743 477 3 5 61 0 0 0 0 1 0 0 10 1 0 0 0 0 0 0 0 0 0 0 0 0 0 0 0 0 0 1 0 0 0 0 
10 46 58.926 478 2 3 187 0 47 0 35 0 35 0 78 0 34 0 0 0 0 1 42 0 0 0 0 0 0 0 47 1 0 0 0 0 0 0 
10 47 04.669 479 2 1 0 0 0 0 0 0 16 0 0 0 0 0 0 1 0 0 0 0 0 0 0 0 0 0 20 0 0 0 0 0 0 1 
10 47 11.468 480 3 5 11 0 0 0 0 0 0 0 0 0 0 0 0 0 0 1 0 1 0 0 0 0 0 0 33 0 0 1 0 0 0 0 
10 47 14.611 481 0 1 0 0 0 0 0 0 0 0 17 0 0 0 0 0 0 0 21 0 0 0 0 0 0 0 0 0 0 0 0 0 0 0 
10 47 20.299 482 4 5 0 0 15 0 0 0 0 1 0 1 0 1 0 0 0 0 26 0 0 0 0 0 0 0 0 0 0 1 0 0 0 0 
10 47 27.490 483 1 1 0 0 0 0 0 0 0 0 21 0 0 0 0 0 0 0 0 0 0 0 0 0 0 0 0 0 0 1 19 0 0 0 
10 47 35.755 484 5 7 0 0 0 1 0 0 0 1 0 0 0 0 0 0 26 0 24 0 0 0 20 2 23 1 0 0 19 0 11 0 0 0 
10 47 37.907 485 3 5 0 1 30 0 0 0 32 0 0 0 0 0 0 0 0 0 0 1 0 0 0 0 0 0 0 0 0 0 0 1 0 0 
10 47 52.492 486 1 1 22 0 0 0 0 0 0 1 0 0 0 0 0 0 0 0 0 0 0 0 0 0 0 0 13 0 0 0 0 0 0 0 
10 47 57.704 487 0 1 0 0 0 0 0 0 0 0 0 0 0 0 0 0 0 0 0 0 0 0 0 0 0 0 0 0 16 0 16 0 0 0 
10 47 59.673 488 4 5 0 1 0 0 23 0 0 0 0 1 21 0 0 0 0 1 0 1 0 0 0 0 0 0 0 0 0 0 26 0 0 0 
10 48 06.790 489 6 5 0 1 0 0 0 1 0 0 0 0 0 1 0 1 0 0 0 0 0 0 0 1 16 1 19 0 0 0 19 0 0 0 
10 48 19.150 490 3 5 0 0 18 1 0 1 26 0 20 0 0 0 0 0 0 0 0 1 0 0 0 0 0 0 0 0 0 0 0 0 0 0 
10 48 25.354 491 3 7 26 0 38 0 26 0 0 0 0 0 0 0 0 0 0 1 0 0 0 0 0 0 0 0 0 1 0 0 21 0 33 1 
10 48 28.934 492 2 1 0 0 0 1 0 0 0 0 0 0 0 0 0 0 0 1 0 0 0 0 0 0 0 0 48 0 0 0 27 0 0 0 
10 48 37.382 493 4 5 0 1 18 1 0 0 0 0 0 1 0 0 0 0 0 0 0 0 0 0 0 0 0 0 0 0 0 0 0 1 17 0 
10 48 38.196 494 1 1 0 0 20 0 0 0 0 0 0 0 0 0 0 1 0 0 0 0 0 0 0 0 0 0 0 0 0 0 25 0 0 0 
10 48 45.450 495 0 1 0 0 0 0 0 0 0 0 0 0 0 0 18 0 0 0 0 0 0 0 0 0 0 0 16 0 0 0 0 0 0 0 
10 48 46.480 496 2 1 0 1 0 0 0 0 17 0 30 1 0 0 0 0 0 0 0 0 0 0 0 0 0 0 27 0 25 0 0 0 0 0 
10 48 51.914 497 6 5 0 0 15 0 0 0 0 1 17 1 0 0 0 1 0 2 0 0 0 0 0 0 0 1 0 0 0 0 0 0 0 0 
10 48 53.558 498 2 1 24 1 0 0 30 0 0 1 0 0 0 0 0 0 0 0 0 0 0 0 0 0 0 0 0 0 0 0 0 0 21 0 
10 48 57.445 499 4 5 0 2 0 0 0 0 0 0 0 1 0 0 0 0 0 0 0 0 0 0 0 0 0 0 29 0 0 1 23 0 0 0 
10 48 57.000 500 1 0 0 0 0 0 0 0 0 0 0 0 0 0 0 0 0 0 0 0 0 0 0 0 0 0 0 1 0 0 0 0 0 0 
10 49 03.648 501 5 7 0 0 0 0 68 0 0 0 29 0 29 0 27 1 32 0 27 0 144 0 26 2 0 0 0 2 31 0 13 0 0 0 
10 49 04.620 502 2 1 0 1 0 0 0 0 0 0 0 0 0 0 0 0 0 0 0 0 21 0 18 0 0 0 0 0 0 0 0 0 0 1 
10 49 06.599 503 1 1 0 0 0 0 34 0 0 0 0 0 0 0 0 0 0 0 0 0 0 0 0 0 0 0 0 0 22 1 0 0 0 0 
10 49 10.025 504 5 5 0 0 0 0 0 0 0 0 0 2 0 0 0 0 25 0 0 1 0 1 0 0 0 0 25 0 0 1 0 0 0 0 
10 49 10.464 505 5 5 0 0 0 1 0 0 0 1 0 0 0 0 20 0 0 0 0 1 0 0 27 0 0 1 0 1 0 0 0 0 0 0 
10 49 11.098 506 4 5 0 0 0 0 0 0 0 1 0 1 0 0 0 0 0 1 63 0 0 0 0 0 0 0 0 0 0 0 19 0 0 1 
10 49 12.543 507 3 5 0 0 0 0 0 0 0 0 0 1 0 0 0 0 0 0 0 0 0 0 0 0 0 0 0 1 0 0 12 1 23 0 
10 49 16.604 508 2 1 0 0 0 1 0 0 0 0 33 0 0 0 0 1 36 0 0 0 0 0 0 0 0 0 0 0 0 0 0 0 0 0 
10 49 17.124 509 6 7 0 0 0 0 0 0 0 1 52 0 0 0 0 1 0 2 0 0 0 0 0 1 0 1 86 0 0 0 0 0 0 0 
10 49 27.632 510 3 5 0 1 0 0 38 0 0 0 0 0 0 0 0 1 0 0 0 0 0 1 22 0 0 0 0 0 0 0 0 0 0 0 
10 49 31.498 511 0 1 0 0 0 0 0 0 16 0 0 0 0 0 0 0 0 0 0 0 0 0 21 0 0 0 0 0 0 0 0 0 0 0 
10 49 35.901 512 3 5 0 0 15 0 0 0 0 2 0 0 0 0 0 0 16 0 0 1 0 0 0 0 0 0 0 0 0 0 0 0 0 0 
10 49 42.559 513 1 1 0 0 0 0 0 0 0 0 0 0 0 0 26 0 0 0 0 0 0 0 0 0 29 0 0 0 0 1 0 0 0 0 
10 49 45.965 514 2 1 0 0 19 0 0 0 0 0 0 1 0 0 0 0 16 0 0 0 0 0 0 1 0 0 0 0 0 0 0 0 0 0 
10 49 49.548 515 3 5 0 0 0 0 0 0 0 0 19 0 0 0 0 0 0 0 0 0 0 0 0 0 0 1 0 1 0 0 25 1 0 0 
10 49 51.484 516 1 1 0 0 0 0 0 0 0 0 0 1 0 0 28 0 0 0 0 0 0 0 0 0 0 0 0 0 0 0 0 0 17 0 
10 50 03.150 517 0 1 21 0 0 0 30 0 0 0 0 0 0 0 0 0 0 0 0 0 0 0 0 0 0 0 0 0 0 0 0 0 0 0 
10 50 13.199 518 6 7 0 0 0 1 24 1 23 2 0 0 0 0 0 0 44 0 17 0 0 0 0 0 0 1 26 0 26 0 65 0 72 1 
10 50 29.003 519 5 7 0 0 0 0 0 0 0 0 67 1 0 0 0 0 0 1 19 0 34 1 0 0 0 0 0 0 0 0 0 1 0 1 
10 50 35.401 520 2 1 0 0 0 1 0 0 0 0 0 0 0 0 0 0 0 0 0 0 0 0 36 0 0 1 0 0 30 0 0 0 0 0 
10 50 37.237 521 3 7 0 0 0 0 35 0 34 2 0 0 0 0 0 0 0 1 0 0 0 0 38 0 0 0 0 0 0 0 32 0 0 0 
10 50 37.663 522 6 5 0 1 0 1 0 0 20 0 20 0 0 0 0 0 0 1 0 0 0 0 0 0 0 0 0 1 0 0 0 0 0 2 
10 50 52.700 523 5 5 0 2 0 0 14 0 0 0 0 1 0 0 17 0 0 0 0 1 0 0 0 1 0 0 0 0 0 0 0 0 0 0 
10 50 59.690 524 2 3 0 0 54 0 0 0 0 0 0 0 0 0 0 2 23 0 0 0 0 0 0 0 0 0 28 0 0 0 0 0 0 0 
10 51 08.012 525 2 1 13 0 16 0 0 0 0 1 0 0 0 0 15 0 0 1 0 0 0 0 0 0 0 0 0 0 0 0 0 0 0 0 
10 51 15.625 526 3 5 19 1 0 0 0 0 0 0 0 0 23 0 0 0 0 0 0 0 0 0 0 1 0 0 0 0 0 0 0 1 0 0 
10 51 16.632 527 4 7 0 0 0 0 28 0 25 0 0 0 0 0 14 0 23 0 0 1 0 0 0 0 0 0 0 1 0 0 0 1 16 1 
10 51 17.900 528 3 5 0 0 0 0 0 0 24 1 0 0 0 0 0 1 0 0 0 0 0 0 0 0 0 0 0 0 0 0 67 1 0 0 
10 51 17.733 529 4 5 0 0 0 1 0 0 0 0 32 2 19 0 0 0 0 0 0 0 0 0 0 1 0 0 0 0 0 0 0 0 0 0 
10 51 20.851 530 6 7 17 0 25 0 0 1 22 1 0 1 0 0 0 0 23 0 0 0 0 0 0 1 0 1 36 0 0 1 0 0 0 0 
10 51 21.832 531 2 3 79 0 55 0 30 0 21 0 34 0 0 0 30 0 172 1 62 0 31 0 90 0 196 0 40 0 82 0 45 0 252 1 
10 51 29.500 532 0 1 0 0 0 0 0 0 0 0 0 0 0 0 0 0 0 0 0 0 0 0 0 0 0 0 16 0 0 0 41 0 0 0 
10 51 31.170 533 1 3 0 0 0 0 0 0 0 0 0 0 0 0 0 0 0 0 52 0 0 0 0 0 48 0 0 0 0 0 0 1 0 0 
10 51 34.964 534 1 1 0 0 0 0 0 0 39 0 0 1 0 0 0 0 13 0 0 0 0 0 0 0 0 0 0 0 0 0 0 0 0 0 
10 51 34.641 535 3 5 0 0 0 0 13 0 0 0 0 0 0 0 0 1 0 0 0 0 0 0 0 0 26 2 0 0 0 0 0 0 0 0 
10 51 36.912 536 4 5 0 0 0 0 0 0 0 1 27 0 0 0 0 0 0 0 0 1 0 0 0 0 0 1 24 0 0 1 0 0 0 0 
10 51 56.354 537 3 5 0 0 47 0 0 1 0 0 9 0 0 1 0 0 0 0 0 0 0 0 0 0 0 0 0 0 0 0 0 0 0 1 
10 51 59.659 538 2 1 0 0 0 0 0 0 0 0 0 0 0 0 0 0 0 1 0 0 0 0 0 0 0 0 33 0 17 1 0 0 0 0 
10 52 00.982 539 2 1 0 0 0 0 0 1 0 0 0 0 0 0 0 0 0 0 17 0 0 0 0 0 13 0 0 0 0 0 0 1 0 0 
10 52 02.844 540 2 1 0 0 0 0 0 0 0 0 0 0 0 0 0 0 0 0 0 0 0 0 0 0 0 1 47 0 0 0 0 1 23 0 
10 52 03.975 541 5 5 0 1 0 0 43 1 17 0 0 0 0 0 0 0 0 0 0 0 0 0 0 0 0 0 0 0 0 1 0 1 0 1 
10 52 11.611 542 4 5 0 0 20 1 34 0 0 1 0 0 0 0 0 0 0 0 0 0 0 0 0 0 0 0 0 2 0 0 0 0 0 0 
10 52 15.232 543 4 7 0 1 0 0 0 0 0 0 0 1 0 0 0 1 0 0 0 1 0 0 0 0 0 0 35 0 0 0 131 0 0 0 
10 52 19.310 544 0 1 0 0 0 0 0 0 0 0 0 0 0 0 0 0 0 0 0 0 0 0 57 0 19 0 0 0 0 0 0 0 0 0 
10 52 21.702 545 3 5 0 1 0 0 0 0 0 2 21 0 0 0 13 0 0 0 0 0 0 0 0 0 0 0 0 0 0 0 0 0 0 0 
10 52 24.120 546 2 3 36 0 0 0 0 0 32 0 19 0 24 0 14 0 57 0 0 0 34 0 65 1 0 1 49 0 0 0 47 0 76 0 
10 52 27.111 547 2 1 0 0 0 0 0 0 0 0 0 1 0 0 0 0 0 0 0 0 0 0 0 0 0 0 0 0 15 1 23 0 0 0 
10 52 29.605 548 3 5 35 0 0 1 0 0 0 1 0 0 0 0 0 0 0 0 0 0 0 0 22 0 0 0 0 1 0 0 0 0 0 0 
10 52 43.375 549 0 3 68 0 61 0 36 0 15 0 114 0 287 0 96 0 26 0 70 0 34 0 24 0 49 0 61 0 16 0 34 0 38 0 
10 52 45.858 550 5 5 17 1 0 0 0 1 0 0 0 1 0 0 0 0 43 1 0 0 0 0 0 0 0 0 0 0 0 1 0 0 21 0 
10 52 46.098 551 2 1 16 0 0 0 0 0 0 0 0 0 0 0 0 0 0 1 0 0 0 0 0 0 0 0 22 0 0 1 0 0 0 0 
10 52 51.757 552 6 7 0 1 0 1 19 0 0 1 0 0 48 1 0 0 0 0 42 1 24 0 34 0 0 0 0 0 37 1 24 0 37 0 
10 52 56.352 553 1 3 0 0 0 0 48 0 0 0 0 0 0 0 0 0 14 1 0 0 0 0 21 0 0 0 64 0 0 0 0 0 0 0 
10 53 07.902 554 2 1 0 0 0 0 0 0 0 0 0 0 0 0 0 0 0 0 14 2 0 0 0 0 0 0 28 0 14 0 0 0 0 0 
10 53 21.806 555 2 1 0 0 0 0 0 0 0 0 0 0 41 0 0 0 0 0 0 0 0 1 0 0 0 0 0 1 0 0 0 0 15 0 
10 53 26.400 556 1 3 0 0 0 0 0 0 0 0 0 0 24 0 127 0 0 0 0 0 0 0 0 0 0 0 0 0 0 0 0 0 0 1 
10 53 33.062 557 1 1 0 0 0 0 0 0 0 0 0 0 0 0 0 0 0 0 0 0 0 0 0 0 0 0 31 0 0 1 0 0 10 0 
10 53 34.480 558 6 5 0 0 0 0 0 0 0 1 13 0 0 0 0 0 0 1 0 0 0 0 0 1 0 0 23 1 0 1 0 0 0 1 
10 53 36.043 559 4 5 0 0 0 0 0 0 0 0 19 1 0 0 0 0 0 0 23 0 0 0 0 0 0 1 0 1 0 0 0 0 0 1 
10 53 40.381 560 0 1 0 0 0 0 0 0 0 0 28 0 0 0 0 0 23 0 0 0 0 0 0 0 0 0 0 0 0 0 0 0 0 0 
10 53 42.206 561 4 5 0 1 0 0 0 1 17 0 0 0 0 1 0 0 0 0 0 0 0 0 0 0 64 0 0 1 0 0 0 0 0 0 
10 53 57.000 562 4 0 0 1 0 0 0 0 0 1 0 0 0 1 0 0 0 0 0 0 0 0 0 0 0 0 0 0 0 1 0 0 0 0 
10 54 01.909 563 2 1 0 0 0 0 0 1 0 0 24 1 0 0 0 0 0 0 0 0 0 0 0 0 0 0 0 0 22 0 0 0 0 0 
10 54 02.094 564 2 1 0 0 0 1 0 0 0 0 0 1 0 0 0 0 0 0 21 0 0 0 0 0 0 0 22 0 0 0 0 0 0 0 
10 54 03.031 565 4 5 0 1 24 0 0 0 0 0 48 0 0 0 0 0 0 0 0 1 0 0 0 0 0 0 0 0 0 1 0 0 0 1 
10 54 03.800 566 3 5 20 0 26 1 0 0 0 0 0 1 0 0 0 0 0 0 0 0 0 0 0 0 0 0 0 0 0 1 0 0 0 0 
10 54 11.970 567 2 1 0 1 27 0 0 0 0 0 0 0 0 1 0 0 0 0 0 0 31 0 0 0 0 0 0 0 0 0 0 0 0 0 
10 54 13.547 568 2 1 0 0 0 0 0 0 0 0 0 1 0 0 0 0 0 0 21 0 0 0 0 0 0 0 18 0 0 0 0 0 0 1 
10 54 13.661 569 4 5 0 0 15 0 18 0 0 1 0 0 0 0 0 0 0 2 0 0 0 0 0 1 0 0 0 0 0 0 43 0 19 0 
10 54 28.281 571 2 1 0 0 0 0 0 0 0 1 0 0 0 0 0 0 0 0 73 0 0 0 0 1 0 0 0 0 0 0 23 0 0 0 
10 54 29.112 572 5 5 0 0 0 1 0 0 0 1 38 0 0 0 0 2 0 0 0 0 0 0 11 0 0 0 0 0 0 0 0 1 0 0 
10 54 31.016 573 2 1 0 0 0 0 0 0 0 0 33 1 0 0 0 0 0 0 0 0 0 0 0 0 0 0 31 0 0 0 0 1 0 0 
10 54 34.854 574 2 1 0 0 0 0 0 0 0 0 0 0 0 1 0 0 0 0 0 1 0 0 0 0 0 0 0 0 28 0 0 0 18 0 
10 54 35.904 575 1 3 90 0 0 0 0 0 0 0 0 0 0 0 0 0 0 1 0 0 0 0 0 0 0 0 0 0 13 0 0 0 0 0 
10 54 36.920 576 3 5 21 1 0 0 0 0 0 0 0 0 43 0 0 0 0 0 0 2 0 0 0 0 0 0 0 0 0 0 0 0 0 0 
10 54 37.761 577 6 5 0 0 0 0 20 0 0 0 0 3 0 0 0 0 0 0 0 0 0 0 0 1 0 0 0 1 21 1 0 0 0 0 
10 54 43.373 578 1 1 0 0 0 0 0 0 0 0 0 0 0 0 0 1 0 0 0 0 0 0 0 0 18 0 0 0 0 0 0 0 46 0 
10 54 48.809 579 0 1 0 0 22 0 0 0 0 0 0 0 0 0 0 0 0 0 0 0 0 0 0 0 23 0 0 0 0 0 0 0 36 0 
10 55 00.105 581 2 1 0 0 9 0 0 0 0 0 45 0 0 0 0 0 0 0 0 0 0 0 0 0 0 0 0 0 0 0 0 0 0 2 
10 55 10.891 582 4 5 46 0 27 1 0 0 0 1 0 0 0 0 0 0 0 0 0 0 0 0 0 0 0 1 0 0 0 1 0 0 0 0 
10 55 15.976 583 3 7 21 0 0 0 17 1 0 0 0 0 22 0 0 0 27 0 0 0 0 0 0 0 31 1 0 0 0 0 0 0 0 1 
10 55 18.473 584 4 5 19 0 0 0 0 0 0 0 0 1 0 0 0 0 0 1 0 0 0 0 0 1 19 0 0 0 0 0 30 0 0 1 
10 55 20.899 585 2 3 0 0 0 0 0 0 0 1 0 0 0 1 0 0 0 0 24 0 56 0 0 0 0 0 0 0 35 0 0 0 0 0 
10 55 35.220 586 2 1 0 0 0 0 0 0 19 0 16 1 0 0 0 0 0 0 0 0 0 0 0 0 0 0 0 0 0 1 0 0 0 0 
10 55 36.051 587 3 5 0 0 0 0 22 0 0 0 0 0 0 0 0 0 0 0 0 0 0 0 0 0 0 1 0 1 0 0 0 0 25 1 
10 55 37.058 588 2 1 0 0 0 0 0 1 0 0 0 1 0 0 0 0 0 0 0 0 60 0 0 0 0 0 0 0 0 0 37 0 0 0 
10 55 42.052 590 3 5 0 0 21 0 0 0 0 0 0 0 0 0 0 1 0 0 28 0 0 0 0 0 0 0 0 0 0 2 0 0 0 0 
10 55 43.765 591 2 1 0 0 18 0 19 0 0 0 0 0 0 0 0 0 0 0 0 0 0 0 0 0 0 0 0 2 21 0 13 0 0 0 
10 55 52.918 592 0 3 0 0 32 0 46 0 44 0 0 0 95 0 53 0 69 0 36 0 0 0 179 0 215 0 45 0 0 0 27 0 99 0 
10 55 59.514 593 5 5 0 0 0 0 0 0 21 0 0 1 0 0 0 0 0 0 0 0 0 0 0 0 22 2 0 1 0 1 0 0 0 0 
10 56 01.538 594 0 1 28 0 0 0 0 0 32 0 0 0 0 0 0 0 0 0 0 0 0 0 0 0 0 0 0 0 0 0 0 0 0 0 
10 56 05.931 595 3 5 0 0 18 0 0 1 0 0 0 0 0 0 0 0 0 0 0 0 0 0 13 0 0 0 0 0 23 0 0 0 0 2 
10 56 11.390 596 2 1 0 0 0 1 0 0 0 0 0 0 0 0 0 0 0 0 0 0 0 0 0 0 25 0 15 0 0 0 0 1 0 0 
10 56 21.274 597 0 1 0 0 0 0 33 0 0 0 0 0 0 0 0 0 0 0 0 0 0 0 0 0 0 0 0 0 0 0 21 0 0 0 
10 56 23.403 598 4 7 31 1 81 0 0 0 0 0 0 0 0 0 0 1 0 0 0 0 47 0 0 0 0 1 19 1 0 0 0 0 0 0 
10 56 24.000 599 2 1 0 0 0 1 0 0 0 0 0 0 0 0 0 0 33 0 0 1 0 0 0 0 0 0 0 0 0 0 23 0 0 0 
10 56 32.387 600 5 5 26 0 0 0 0 0 0 2 0 0 0 1 0 0 0 1 0 0 0 0 0 0 18 0 0 1 0 0 0 0 0 0 
10 56 43.834 601 3 5 0 0 0 0 0 0 0 0 0 0 34 0 0 0 0 2 0 0 0 0 0 0 0 0 0 0 33 0 0 0 0 1 
10 56 46.704 602 3 5 15 0 0 1 0 0 0 0 39 0 0 0 0 0 0 0 0 1 0 0 0 0 0 0 0 0 0 0 0 0 0 1 
10 56 48.160 603 1 1 0 0 0 0 0 0 0 0 0 1 0 0 0 0 0 0 0 0 17 0 49 0 0 0 0 0 0 0 0 0 0 0 
10 56 49.492 604 4 5 15 0 0 0 0 0 0 2 0 0 0 0 0 1 0 0 0 0 0 0 0 0 0 0 0 0 27 1 0 0 0 0 
10 56 54.301 605 4 7 0 1 16 0 40 1 0 0 0 0 0 1 0 0 23 0 0 0 0 0 0 0 48 0 0 1 0 0 24 0 19 0 
10 56 56.166 606 4 5 18 1 0 0 0 0 0 1 0 1 0 0 0 0 0 0 0 0 36 0 0 0 0 0 0 0 0 0 0 0 19 1 
10 57 05.621 607 3 5 0 0 0 0 0 0 0 1 0 1 0 0 0 1 0 0 25 0 0 0 19 0 0 0 0 0 0 0 0 0 0 0 
10 57 11.367 608 2 1 0 0 18 0 0 0 0 0 0 0 0 0 0 0 0 0 0 1 0 0 23 1 0 0 0 0 0 0 0 0 0 0 
10 57 15.006 609 0 3 42 0 18 0 0 0 0 0 41 0 0 0 0 0 16 0 0 0 21 0 0 0 0 0 0 0 0 0 0 0 0 0 
10 57 15.271 610 3 5 0 3 0 0 23 0 33 0 0 0 0 0 0 0 0 0 0 0 0 0 0 0 0 0 0 0 0 0 0 0 0 0 
10 57 18.153 611 3 7 0 0 0 0 0 1 26 0 0 1 0 0 28 0 0 0 0 0 0 0 0 0 0 1 39 0 0 0 0 0 24 0 
10 57 30.802 612 2 1 0 1 0 0 28 0 0 0 0 0 0 0 0 0 0 0 27 1 0 0 0 0 0 0 0 0 0 0 0 0 0 0 
10 57 36.363 613 3 5 0 0 0 0 0 0 0 0 0 1 0 0 0 0 0 1 0 0 0 0 0 0 37 0 0 0 24 0 0 0 0 1 
10 57 38.290 614 5 5 0 0 0 0 0 0 0 0 37 3 0 0 0 0 0 0 0 0 0 0 0 1 0 1 0 0 0 0 0 0 16 0 
10 57 42.896 615 6 5 0 0 29 0 0 1 0 0 0 0 0 1 0 0 0 0 0 0 0 0 0 3 0 0 0 0 0 1 18 0 0 0 
10 57 43.393 616 2 1 0 1 0 0 26 0 0 0 0 0 0 0 0 0 0 0 0 0 0 1 0 0 0 0 0 0 0 0 0 0 22 0 
10 57 59.394 617 1 1 0 0 0 0 0 0 0 0 0 0 0 0 0 0 0 1 0 0 0 0 0 0 41 0 0 0 0 0 18 0 0 0 
10 58 00.396 618 3 5 0 0 19 1 0 0 0 0 0 0 0 0 13 0 0 0 0 0 0 0 0 0 0 0 0 1 0 1 0 0 0 0 
10 58 04.427 619 1 1 0 0 0 0 0 0 0 0 0 0 0 0 0 0 0 0 0 0 0 0 0 0 29 1 18 0 0 0 0 0 0 0 
10 58 13.924 620 3 5 0 0 0 0 0 0 0 1 0 0 0 0 0 0 0 0 17 0 0 0 0 0 0 0 0 0 0 0 0 2 18 0 
10 58 23.374 621 1 1 0 0 0 0 22 0 0 0 0 0 28 0 0 1 0 0 0 0 0 0 0 0 0 0 0 0 0 0 0 0 0 0 
10 58 25.274 622 2 1 0 1 0 1 21 0 0 0 0 0 41 0 0 0 0 0 0 0 0 0 0 0 0 0 0 0 0 0 0 0 0 0 
10 58 28.095 623 2 1 0 0 0 0 0 0 0 0 0 0 0 0 0 1 0 0 0 0 0 0 30 1 15 0 0 0 0 0 0 0 0 0 
10 58 43.258 624 4 5 0 1 0 0 0 0 0 0 0 0 0 0 24 0 0 0 0 0 57 1 0 0 0 0 0 0 0 0 0 1 0 1 
10 58 53.549 625 6 7 0 2 44 0 0 0 22 0 0 0 0 1 0 0 0 0 0 0 0 0 0 0 22 0 0 1 17 1 0 0 0 1 
10 58 57.000 626 4 0 0 2 0 0 0 0 0 0 0 0 0 0 0 1 0 0 0 0 0 0 0 0 0 1 0 0 0 0 0 0 0 0 
10 59 00.483 627 1 1 0 0 0 0 0 0 0 0 0 0 0 0 0 0 0 1 23 0 0 0 0 0 0 0 18 0 0 0 0 0 0 0 
10 59 01.187 628 2 1 0 0 0 0 0 0 0 0 0 0 0 0 0 1 0 0 0 0 0 0 0 0 0 0 0 0 0 1 18 0 26 0 
10 59 04.695 629 4 7 0 0 0 1 39 0 19 1 20 0 0 0 0 0 0 0 27 0 0 1 0 0 31 0 0 1 0 0 0 0 62 0 
10 59 14.802 630 3 5 0 0 0 0 0 0 0 0 0 1 0 0 0 0 0 0 0 1 0 0 0 0 15 0 0 0 0 1 13 0 0 0 
10 59 17.221 632 5 7 0 0 0 0 0 0 0 1 22 1 0 1 0 1 26 1 0 0 0 0 0 0 26 0 0 0 0 0 0 0 34 0 
10 59 20.848 633 2 3 0 1 0 0 0 1 0 0 0 0 0 0 23 0 0 0 0 0 18 0 0 0 0 0 0 0 29 0 48 0 0 0 
10 59 33.716 634 3 5 0 0 17 0 0 0 0 0 0 0 0 0 0 0 0 0 32 0 0 2 0 0 0 0 29 0 0 0 0 0 0 1 
10 59 50.994 635 0 3 0 0 0 0 42 0 23 0 0 0 0 0 0 0 24 0 0 0 0 0 0 0 18 0 0 0 0 0 0 0 0 0 
10 59 50.596 636 1 1 0 0 0 0 18 0 0 0 0 0 0 0 0 0 0 1 0 0 0 0 0 0 0 0 0 0 22 0 0 0 0 0 
10 59 53.629 637 3 5 0 0 0 0 0 0 0 0 0 1 0 0 0 0 0 0 0 1 0 0 0 0 0 0 0 1 21 0 17 0 0 0 
10 59 57.090 638 1 1 0 0 0 0 0 0 0 0 0 0 0 0 0 0 0 0 0 0 0 0 0 0 0 0 12 0 18 1 0 0 0 0 
11 00 00.022 639 3 7 0 0 40 0 0 0 31 0 0 1 0 0 21 0 0 1 0 0 19 1 38 0 26 0 0 0 0 0 0 0 52 0 
11 00 24.322 640 3 7 0 0 29 0 0 0 0 1 36 0 44 1 0 0 19 0 66 0 0 0 45 0 39 0 69 0 0 0 0 1 0 0 
11 00 26.679 641 2 1 0 1 24 0 15 0 0 0 0 1 0 0 0 0 0 0 0 0 0 0 0 0 0 0 0 0 0 0 0 0 0 0 
11 00 31.243 642 5 5 0 1 0 0 0 1 16 1 0 0 0 0 0 0 0 0 0 0 0 1 0 1 19 0 0 0 0 0 0 0 0 0 
11 00 31.438 643 3 5 16 0 0 0 0 0 0 1 0 1 0 0 0 0 0 0 0 0 33 1 0 0 0 0 0 0 0 0 0 0 0 0 
11 00 32.216 644 2 3 0 0 0 0 0 0 0 1 0 0 0 0 0 0 0 0 0 0 0 0 112 0 0 0 0 0 0 0 0 0 19 1 
11 00 33.890 645 2 3 11 0 0 1 10 0 28 0 53 0 0 0 38 1 0 0 0 0 0 0 0 0 0 0 24 0 0 0 19 0 111 0 
11 00 52.530 646 5 5 0 2 0 0 0 0 0 1 0 0 0 0 0 0 20 0 0 0 0 0 0 1 60 0 0 0 0 1 0 0 0 0 
11 00 55.948 647 0 1 0 0 32 0 0 0 0 0 0 0 0 0 20 0 0 0 0 0 0 0 0 0 0 0 0 0 0 0 0 0 0 0 
11 00 58.509 648 1 1 0 0 0 0 0 0 0 1 0 0 0 0 24 0 0 0 0 0 0 0 0 0 18 0 0 0 0 0 0 0 0 0 
11 01 01.499 649 0 1 0 0 0 0 0 0 0 0 0 0 54 0 19 0 0 0 0 0 0 0 0 0 0 0 0 0 0 0 0 0 0 0 
11 01 04.984 650 2 1 0 1 0 0 0 1 19 0 0 0 0 0 0 0 40 0 0 0 0 0 0 0 0 0 0 0 0 0 0 0 0 0 
11 01 08.821 652 6 5 0 1 15 0 0 0 0 0 0 1 0 1 0 0 0 0 0 0 0 0 0 1 0 0 56 1 18 1 0 0 0 0 
11 01 09.411 653 4 5 0 0 35 1 0 0 0 0 0 0 16 0 0 1 0 0 0 0 0 0 0 0 0 0 0 1 0 1 0 0 0 0 
11 01 12.062 654 2 1 0 0 0 0 0 0 12 0 0 0 0 0 0 0 0 0 0 0 0 0 0 0 0 1 44 0 0 0 0 1 0 0 
11 01 13.692 655 1 1 0 0 0 0 0 0 0 0 0 0 0 0 0 1 39 0 0 0 0 0 0 0 0 0 0 0 0 0 20 0 0 0 
11 01 18.280 656 3 5 23 1 26 0 0 0 0 0 0 1 0 1 0 0 0 0 0 0 0 0 0 0 0 0 0 0 0 0 0 0 0 0 
11 01 19.403 657 4 5 0 0 0 0 0 0 0 0 0 0 0 1 0 0 37 2 0 0 0 0 31 0 0 1 0 0 0 0 0 0 0 0 
11 01 19.481 658 2 1 0 0 0 0 0 0 0 0 0 1 18 0 0 1 0 0 0 0 0 0 0 0 0 0 0 0 0 0 0 0 22 0 
11 01 24.262 659 5 5 0 1 0 2 0 0 43 0 0 0 0 1 0 0 0 1 0 0 25 0 0 0 0 0 0 0 0 0 0 0 0 0 
11 01 30.528 660 0 3 26 0 0 0 32 0 20 0 0 0 0 0 42 0 0 0 0 0 0 0 0 0 0 0 0 0 0 0 0 0 0 0 
11 01 34.315 661 2 1 0 1 20 0 35 0 0 0 0 0 0 0 39 0 0 0 0 0 0 0 0 0 0 0 0 0 0 0 0 1 0 0 
11 01 36.392 662 1 1 12 1 0 0 45 0 0 0 0 0 0 0 0 0 0 0 0 0 39 0 0 0 0 0 0 0 0 0 0 0 0 0 
11 02 01.385 663 7 5 0 0 16 0 0 0 0 1 0 1 0 1 0 0 0 0 0 0 0 1 0 0 0 1 17 2 0 0 0 0 0 0 
11 02 21.712 664 3 5 0 0 0 0 0 0 0 2 0 0 0 0 0 0 0 0 0 0 0 0 0 1 28 0 0 0 0 0 0 0 17 0 
11 02 23.450 665 4 5 0 0 0 0 0 0 0 1 14 0 0 0 0 0 0 0 0 0 0 0 0 0 0 0 0 0 15 1 0 1 0 1 
11 02 23.594 666 3 5 0 1 0 1 0 0 0 0 0 0 0 0 19 0 0 0 0 0 0 0 0 1 16 0 0 0 0 0 0 0 0 0 
11 02 25.970 667 4 5 0 0 0 0 0 0 0 1 26 0 0 1 0 0 0 0 0 0 0 0 21 0 0 0 0 1 0 0 0 1 0 0 
11 02 35.602 668 3 5 0 0 0 0 0 0 0 0 22 0 0 0 0 0 15 0 0 0 0 0 0 0 0 0 0 1 0 2 0 0 0 0 
11 02 38.110 669 2 1 0 0 0 0 0 0 0 1 0 0 0 0 0 0 0 0 0 0 0 0 14 1 22 0 0 0 0 0 0 0 0 0 
11 02 41.434 670 1 1 0 0 12 0 0 0 0 0 0 0 0 0 0 0 0 0 0 0 33 0 0 0 0 1 0 0 0 0 0 0 42 0 
11 02 45.877 671 2 1 0 0 0 1 0 0 0 0 0 0 0 0 0 1 0 0 0 0 0 0 17 0 56 0 0 0 0 0 0 0 0 0 
11 02 46.024 672 0 1 13 0 0 0 24 0 0 0 0 0 0 0 0 0 0 0 0 0 0 0 0 0 0 0 0 0 0 0 0 0 19 0 
11 02 47.137 673 4 5 13 0 0 0 0 0 0 1 0 0 0 0 30 0 0 0 0 1 0 0 0 0 0 0 0 0 0 1 0 1 0 0 
11 03 03.617 674 4 5 0 0 22 0 0 0 0 0 0 0 0 0 0 0 0 0 0 0 0 0 20 1 0 1 0 1 0 1 0 0 0 0 
11 03 09.275 675 5 5 0 0 0 0 0 0 0 1 0 0 27 0 0 1 0 0 0 0 0 0 0 0 0 0 0 0 0 1 11 2 0 0 
11 03 15.303 676 3 7 0 0 0 1 0 1 0 0 0 0 0 0 76 0 0 0 32 0 30 0 0 1 0 0 20 0 42 0 24 0 21 0 
11 03 25.498 677 0 1 0 0 0 0 0 0 0 0 0 0 0 0 0 0 0 0 0 0 15 0 0 0 0 0 0 0 0 0 26 0 0 0 
11 03 31.906 678 1 1 0 0 0 0 0 0 0 0 0 0 0 0 0 0 0 0 0 0 0 0 0 0 0 0 0 1 0 0 21 0 23 0 
11 03 38.711 679 2 1 0 0 0 0 21 1 0 0 0 0 28 0 0 0 0 0 0 0 0 0 0 1 0 0 0 0 0 0 0 0 0 0 
11 03 39.924 680 3 5 0 0 0 0 26 0 0 0 0 0 0 0 0 0 17 0 0 0 0 0 0 0 0 1 0 1 0 1 0 0 0 0 
11 03 41.946 681 4 5 0 0 0 1 0 0 15 0 0 0 0 0 0 0 0 1 0 1 0 0 0 0 0 0 0 0 0 1 0 0 27 0 
11 03 50.843 682 1 1 17 0 0 0 27 0 0 0 0 0 0 0 0 0 18 0 0 0 0 0 0 1 0 0 0 0 0 0 0 0 0 0 
11 03 51.738 684 8 5 26 0 0 0 16 1 0 0 0 1 0 0 0 0 21 0 0 0 0 0 0 1 0 2 0 0 0 0 0 2 0 1 
11 03 57.000 685 2 0 0 0 0 0 0 0 0 0 0 0 0 0 0 0 0 0 0 0 0 0 0 0 0 0 0 0 0 2 0 0 0 0 
11 04 08.618 687 4 5 0 0 0 0 0 0 0 0 0 2 27 0 17 0 0 0 0 1 0 0 0 1 0 0 0 0 13 0 0 0 0 0 
11 04 13.788 688 4 5 0 0 0 0 0 0 30 0 0 1 0 0 0 0 14 0 0 1 0 0 48 1 0 1 0 0 0 0 0 0 0 0 
11 04 17.862 689 1 3 0 0 0 0 0 0 0 0 0 0 0 0 0 0 0 0 20 0 0 0 0 1 0 0 16 0 105 0 0 0 0 0 
11 04 21.772 690 3 5 0 0 0 0 0 0 0 0 30 1 0 0 0 0 0 0 0 1 0 0 0 0 0 0 0 0 0 0 14 1 0 0 
11 04 27.170 691 3 5 0 0 0 0 0 0 0 0 31 0 0 0 0 0 0 0 0 0 0 0 0 0 18 0 0 2 0 1 0 0 0 0 
11 04 28.219 692 2 1 0 0 0 0 0 0 0 0 0 0 25 0 0 0 0 0 0 0 0 0 0 1 0 0 0 0 0 0 22 1 0 0 
11 04 29.788 693 2 3 63 0 58 0 0 1 0 1 18 0 34 0 24 0 18 0 0 0 0 0 23 0 0 0 0 0 32 0 0 0 0 0 
11 04 37.681 694 6 5 23 1 0 0 0 1 0 1 0 0 0 0 0 2 0 0 25 0 0 0 0 0 0 0 0 0 0 0 0 0 0 1 
11 04 39.498 695 0 1 0 0 0 0 0 0 0 0 26 0 0 0 0 0 0 0 0 0 0 0 0 0 0 0 35 0 0 0 0 0 0 0 
11 05 04.790 696 2 1 0 0 0 0 0 0 0 0 0 0 0 0 31 1 0 0 0 1 0 0 0 0 0 0 17 0 0 0 0 0 0 0 
11 05 14.061 697 2 3 0 0 0 1 0 0 0 0 0 0 22 0 30 0 0 0 0 0 0 0 0 0 93 0 0 0 0 0 0 0 0 1 
11 05 15.378 698 2 1 0 0 39 0 0 0 0 0 0 0 34 1 0 0 0 0 0 0 0 0 0 0 0 0 0 1 0 0 0 0 0 0 
11 05 17.973 699 0 3 0 0 0 0 0 0 0 0 0 0 109 0 13 0 0 0 0 0 0 0 0 0 0 0 0 0 0 0 0 0 0 0 
11 05 22.042 700 5 5 0 0 49 0 0 0 0 0 0 2 0 0 0 0 0 0 0 0 0 1 0 1 20 0 0 0 0 0 0 1 0 0 
11 05 27.574 701 1 1 0 0 0 