10 04 27 1248.0000 3.0000 1144
10 04 37 1499.0000 0.0000 1144
10 04 47 1444.0000 0.0000 1144
10 04 57 1483.0000 1.0000 1144
10 05 07 1534.0000 0.0000 1144
10 05 17 1481.0000 0.0000 1144
10 05 27 1468.0000 0.0000 1144
10 05 37 1538.0000 0.0000 1144
10 05 47 1498.0000 0.0000 1144
10 05 57 1483.0000 0.0000 1144
10 06 07 1474.0000 0.0000 1144
10 06 17 1437.0000 0.0000 1144
10 06 27 1511.0000 0.0000 1144
10 06 37 1495.0000 0.0000 1144
10 06 47 1468.0000 0.0000 1144
10 06 58 1472.0000 0.0000 1144
10 07 08 1497.0000 0.0000 1144
10 07 18 1520.0000 0.0000 1144
10 07 28 1509.0000 0.0000 1144
10 07 38 1463.0000 0.0000 1144
10 07 48 1466.0000 0.0000 1144
10 07 58 1546.0000 0.0000 1144
10 08 08 1468.0000 0.0000 1144
10 08 18 1530.0000 0.0000 1144
10 08 28 1481.0000 0.0000 1144
10 08 38 1518.0000 0.0000 1144
10 08 48 1542.0000 0.0000 1144
10 08 58 1443.0000 0.0000 1144
10 09 08 1487.0000 0.0000 1144
10 09 18 1518.0000 1.0000 1144
10 09 28 1481.0000 0.0000 1144
10 09 38 1569.0000 0.0000 1144
10 09 48 1457.0000 0.0000 1144
10 09 58 1465.0000 1.0000 1144
10 10 08 1499.0000 0.0000 1144
10 10 18 1491.0000 0.0000 1144
10 10 28 1489.0000 0.0000 1144
10 10 38 1461.0000 0.0000 1144
10 10 48 1504.0000 0.0000 1144
10 10 58 1470.0000 0.0000 1144
10 11 08 1502.0000 0.0000 1144
10 11 18 1494.0000 0.0000 1144
10 11 28 1457.0000 0.0000 1144
10 11 38 1553.0000 2.0000 1144
10 11 48 1532.0000 0.0000 1144
10 11 58 1411.0000 0.0000 1144
10 12 08 1441.0000 0.0000 1144
10 12 18 1442.0000 0.0000 1144
10 12 28 1506.0000 0.0000 1144
10 12 38 1445.0000 1.0000 1144
10 12 48 1416.0000 0.0000 1144
10 12 58 1461.0000 0.0000 1144
10 13 08 1484.0000 0.0000 1144
10 13 18 1474.0000 0.0000 1144
10 13 28 1427.0000 0.0000 1144
10 13 38 1528.0000 0.0000 1144
10 13 48 1492.0000 0.0000 1144
10 13 58 1484.0000 0.0000 1144
10 14 08 1555.0000 0.0000 1144
10 14 18 1564.0000 0.0000 1144
10 14 28 1467.0000 0.0000 1144
10 14 38 1502.0000 0.0000 1144
10 14 48 1522.0000 0.0000 1144
10 14 58 1516.0000 0.0000 1144
10 15 08 1385.0000 0.0000 1144
10 15 18 1539.0000 0.0000 1144
10 15 28 1477.0000 0.0000 1144
10 15 38 1528.0000 0.0000 1144
10 15 48 1520.0000 0.0000 1144
10 15 58 1477.0000 0.0000 1144
10 16 08 1418.0000 0.0000 1144
10 16 18 1549.0000 0.0000 1144
10 16 28 1607.0000 0.0000 1144
10 16 38 1525.0000 0.0000 1144
10 16 48 1472.0000 0.0000 1144
10 16 58 1451.0000 0.0000 1144
10 17 08 1497.0000 0.0000 1144
10 17 18 1474.0000 0.0000 1144
10 17 28 1517.0000 0.0000 1144
10 17 38 1492.0000 0.0000 1144
10 17 48 1539.0000 0.0000 1144
10 17 58 1485.0000 0.0000 1144
10 18 08 1474.0000 0.0000 1144
10 18 18 1479.0000 0.0000 1144
10 18 28 1461.0000 0.0000 1144
10 18 38 1477.0000 0.0000 1144
10 18 48 1532.0000 0.0000 1144
10 18 58 1522.0000 0.0000 1144
10 19 08 1471.0000 0.0000 1144
10 19 18 1472.0000 0.0000 1144
10 19 28 1449.0000 0.0000 1144
10 19 38 1487.0000 0.0000 1144
10 19 48 1478.0000 0.0000 1144
10 19 58 1442.0000 0.0000 1144
10 20 08 1440.0000 0.0000 1144
10 20 18 1511.0000 0.0000 1144
10 20 28 1448.0000 0.0000 1144
10 20 38 1474.0000 0.0000 1144
10 20 48 1429.0000 0.0000 1144
10 20 58 1396.0000 0.0000 1144
10 21 08 1429.0000 0.0000 1144
10 21 18 1436.0000 0.0000 1144
10 21 28 1473.0000 0.0000 1144
10 21 38 1386.0000 0.0000 1144
10 21 48 1459.0000 1.0000 1144
10 21 58 1488.0000 0.0000 1144
10 22 08 1428.0000 0.0000 1144
10 22 18 1426.0000 0.0000 1144
10 22 28 1475.0000 0.0000 1144
10 22 38 1414.0000 0.0000 1144
10 22 48 1481.0000 0.0000 1144
10 22 58 1430.0000 0.0000 1144
10 23 08 1483.0000 0.0000 1144
10 23 18 1475.0000 0.0000 1144
10 23 28 1509.0000 0.0000 1144
10 23 38 1507.0000 0.0000 1144
10 23 48 1509.0000 0.0000 1144
10 23 58 1454.0000 0.0000 1144
10 24 08 1463.0000 0.0000 1144
10 24 18 1486.0000 0.0000 1144
10 24 28 1411.0000 1.0000 1144
10 24 38 1513.0000 0.0000 1144
10 24 48 1461.0000 0.0000 1144
10 24 58 1561.0000 0.0000 1144
10 25 08 1428.0000 0.0000 1144
10 25 18 1499.0000 0.0000 1144
10 25 28 1471.0000 0.0000 1144
10 25 38 1489.0000 0.0000 1144
10 25 48 1538.0000 0.0000 1144
10 25 58 1511.0000 0.0000 1144
10 26 08 1385.0000 0.0000 1144
10 26 18 1497.0000 0.0000 1144
10 26 28 1499.0000 0.0000 1144
10 26 38 1443.0000 0.0000 1144
10 26 48 1478.0000 0.0000 1144
10 26 59 1499.0000 0.0000 1144
10 27 09 1421.0000 0.0000 1144
10 27 19 1455.0000 0.0000 1144
10 27 29 1477.0000 1.0000 1144
10 27 39 1471.0000 0.0000 1144
10 27 49 1432.0000 0.0000 1144
10 27 59 1486.0000 0.0000 1144
10 28 09 1429.0000 0.0000 1144
10 28 19 1457.0000 0.0000 1144
10 28 29 1421.0000 0.0000 1144
10 28 39 1488.0000 0.0000 1144
10 28 49 1480.0000 0.0000 1144
10 28 59 1536.0000 0.0000 1144
10 29 09 1525.0000 0.0000 1144
10 29 19 1450.0000 0.0000 1144
10 29 29 1549.0000 0.0000 1144
10 29 39 1473.0000 0.0000 1144
10 29 49 1505.0000 0.0000 1144
10 29 59 1466.0000 0.0000 1144
10 30 09 1459.0000 0.0000 1144
10 30 19 1466.0000 0.0000 1144
10 30 29 1438.0000 0.0000 1144
10 30 39 1420.0000 0.0000 1144
10 30 49 1426.0000 0.0000 1144
10 30 59 1484.0000 0.0000 1144
10 31 09 1446.0000 1.0000 1144
10 31 19 1422.0000 0.0000 1144
10 31 29 1467.0000 0.0000 1144
10 31 39 1517.0000 0.0000 1144
10 31 49 1430.0000 0.0000 1144
10 31 59 1516.0000 1.0000 1144
10 32 09 1521.0000 1.0000 1144
10 32 19 1505.0000 0.0000 1144
10 32 29 1552.0000 0.0000 1144
10 32 39 1436.0000 0.0000 1144
10 32 49 1548.0000 0.0000 1144
10 32 59 1501.0000 0.0000 1144
10 33 09 1486.0000 0.0000 1144
10 33 19 1446.0000 0.0000 1144
10 33 29 1390.0000 0.0000 1144
10 33 39 1511.0000 0.0000 1144
10 33 49 1489.0000 0.0000 1144
10 33 59 1523.0000 0.0000 1144
10 34 09 1512.0000 0.0000 1144
10 34 19 1448.0000 1.0000 1144
10 34 29 1461.0000 0.0000 1144
10 34 39 1458.0000 0.0000 1144
10 34 49 1436.0000 0.0000 1144
10 34 59 1423.0000 0.0000 1144
10 35 09 1388.0000 2.0000 1144
10 35 19 1498.0000 0.0000 1144
10 35 29 1445.0000 0.0000 1144
10 35 39 1481.0000 0.0000 1144
10 35 49 1445.0000 0.0000 1144
10 35 59 1424.0000 0.0000 1144
10 36 09 1435.0000 0.0000 1144
10 36 19 1520.0000 0.0000 1144
10 36 29 1508.0000 0.0000 1144
10 36 39 1420.0000 0.0000 1144
10 36 49 1441.0000 0.0000 1144
10 36 59 1410.0000 0.0000 1144
10 37 09 1553.0000 0.0000 1144
10 37 19 1458.0000 0.0000 1144
10 37 29 1436.0000 0.0000 1144
10 37 39 1510.0000 1.0000 1144
10 37 49 1451.0000 0.0000 1144
10 37 59 1430.0000 0.0000 1144
10 38 09 1567.0000 0.0000 1144
10 38 19 1494.0000 0.0000 1144
10 38 29 1492.0000 0.0000 1144
10 38 39 1437.0000 0.0000 1144
10 38 49 1487.0000 0.0000 1144
10 38 59 1488.0000 0.0000 1144
10 39 09 1494.0000 0.0000 1144
10 39 19 1481.0000 0.0000 1144
10 39 29 1464.0000 0.0000 1144
10 39 39 1460.0000 0.0000 1144
10 39 49 1401.0000 0.0000 1144
10 39 59 1488.0000 0.0000 1144
10 40 09 1498.0000 0.0000 1144
10 40 19 1485.0000 0.0000 1144
10 40 29 1429.0000 0.0000 1144
10 40 39 1513.0000 0.0000 1144
10 40 49 1531.0000 1.0000 1144
10 40 59 1479.0000 0.0000 1144
10 41 09 1416.0000 0.0000 1144
10 41 19 1401.0000 0.0000 1144
10 41 29 1441.0000 0.0000 1144
10 41 39 1515.0000 0.0000 1144
10 41 49 1449.0000 0.0000 1144
10 41 59 1454.0000 0.0000 1144
10 42 09 1514.0000 0.0000 1144
10 42 19 1476.0000 0.0000 1144
10 42 29 1429.0000 0.0000 1144
10 42 39 1475.0000 0.0000 1144
10 42 49 1575.0000 0.0000 1144
10 42 59 1449.0000 0.0000 1144
10 43 09 1463.0000 0.0000 1144
10 43 19 1486.0000 0.0000 1144
10 43 29 1453.0000 0.0000 1144
10 43 39 1520.0000 0.0000 1144
10 43 49 1513.0000 0.0000 1144
10 43 59 1470.0000 0.0000 1144
10 44 09 1488.0000 0.0000 1144
10 44 19 1421.0000 0.0000 1144
10 44 29 1449.0000 0.0000 1144
10 44 39 1436.0000 0.0000 1144
10 44 49 1471.0000 0.0000 1144
10 44 59 1431.0000 0.0000 1144
10 45 09 1410.0000 0.0000 1144
10 45 19 1498.0000 0.0000 1144
10 45 29 1521.0000 0.0000 1144
10 45 39 1490.0000 0.0000 1144
10 45 49 1486.0000 0.0000 1144
10 45 59 1428.0000 0.0000 1144
10 46 09 1432.0000 0.0000 1144
10 46 19 1510.0000 0.0000 1144
10 46 29 1563.0000 0.0000 1144
10 46 39 1559.0000 0.0000 1144
10 46 49 1491.0000 0.0000 1144
10 47 00 1550.0000 0.0000 1144
10 47 10 1418.0000 0.0000 1144
10 47 20 1385.0000 0.0000 1144
10 47 30 1506.0000 0.0000 1144
10 47 40 1450.0000 0.0000 1144
10 47 50 1480.0000 0.0000 1144
10 48 00 1513.0000 0.0000 1144
10 48 10 1495.0000 0.0000 1144
10 48 20 1495.0000 0.0000 1144
10 48 30 1447.0000 0.0000 1144
10 48 40 1574.0000 0.0000 1144
10 48 50 1401.0000 0.0000 1144
10 49 00 1527.0000 0.0000 1144
10 49 10 1564.0000 0.0000 1144
10 49 20 1435.0000 0.0000 1144
10 49 30 1447.0000 0.0000 1144
10 49 40 1493.0000 0.0000 1144
10 49 50 1406.0000 0.0000 1144
10 50 00 1473.0000 0.0000 1144
10 50 10 1463.0000 0.0000 1144
10 50 20 1483.0000 0.0000 1144
10 50 30 1549.0000 0.0000 1144
10 50 40 1469.0000 0.0000 1144
10 50 50 1459.0000 0.0000 1144
10 51 00 1400.0000 0.0000 1144
10 51 10 1447.0000 0.0000 1144
10 51 20 1559.0000 0.0000 1144
10 51 30 1449.0000 1.0000 1144
10 51 40 1548.0000 0.0000 1144
10 51 50 1471.0000 0.0000 1144
10 52 00 1405.0000 1.0000 1144
10 52 10 1502.0000 0.0000 1144
10 52 20 1470.0000 0.0000 1144
10 52 30 1516.0000 0.0000 1144
10 52 40 1439.0000 0.0000 1144
10 52 50 1474.0000 0.0000 1144
10 53 00 1492.0000 0.0000 1144
10 53 10 1473.0000 0.0000 1144
10 53 20 1534.0000 0.0000 1144
10 53 30 1439.0000 0.0000 1144
10 53 40 1417.0000 0.0000 1144
10 53 50 1410.0000 0.0000 1144
10 54 00 1486.0000 1.0000 1144
10 54 10 1482.0000 0.0000 1144
10 54 20 1430.0000 0.0000 1144
10 54 30 1508.0000 0.0000 1144
10 54 40 1463.0000 1.0000 1144
10 54 50 1519.0000 0.0000 1144
10 55 00 1468.0000 0.0000 1144
10 55 10 1443.0000 0.0000 1144
10 55 20 1472.0000 1.0000 1144
10 55 30 1472.0000 0.0000 1144
10 55 40 1429.0000 0.0000 1144
10 55 50 1495.0000 0.0000 1144
10 56 00 1484.0000 0.0000 1144
10 56 10 1483.0000 0.0000 1144
10 56 20 1445.0000 0.0000 1144
10 56 30 1451.0000 0.0000 1144
10 56 40 1503.0000 1.0000 1144
10 56 50 1477.0000 0.0000 1144
10 57 00 1454.0000 0.0000 1144
10 57 10 1552.0000 0.0000 1144
10 57 20 1495.0000 1.0000 1144
10 57 30 1511.0000 0.0000 1144
10 57 40 1425.0000 0.0000 1144
10 57 50 1483.0000 0.0000 1144
10 58 00 1431.0000 0.0000 1144
10 58 10 1465.0000 0.0000 1144
10 58 20 1471.0000 0.0000 1144
10 58 30 1529.0000 0.0000 1144
10 58 40 1461.0000 0.0000 1144
10 58 50 1428.0000 0.0000 1144
10 59 00 1494.0000 0.0000 1144
10 59 10 1529.0000 0.0000 1144
10 59 20 1487.0000 0.0000 1144
10 59 30 1495.0000 0.0000 1144
10 59 40 1434.0000 0.0000 1144
10 59 50 1479.0000 0.0000 1144
11 00 00 1426.0000 0.0000 1144
11 00 10 1460.0000 0.0000 1144
11 00 20 1444.0000 0.0000 1144
11 00 30 1471.0000 0.0000 1144
11 00 40 1454.0000 0.0000 1144
11 00 50 1562.0000 0.0000 1144
11 01 00 1454.0000 0.0000 1144
11 01 10 1473.0000 0.0000 1144
11 01 20 1464.0000 0.0000 1144
11 01 30 1451.0000 0.0000 1144
11 01 40 1434.0000 0.0000 1144
11 01 50 1449.0000 0.0000 1144
11 02 00 1396.0000 0.0000 1144
11 02 10 1454.0000 0.0000 1144
11 02 20 1482.0000 0.0000 1144
11 02 30 1495.0000 0.0000 1144
11 02 40 1451.0000 0.0000 1144
11 02 50 1490.0000 0.0000 1144
11 03 00 1378.0000 0.0000 1144
11 03 10 1508.0000 1.0000 1144
11 03 20 1505.0000 0.0000 1144
11 03 30 1467.0000 0.0000 1144
11 03 40 1436.0000 0.0000 1144
11 03 50 1431.0000 0.0000 1144
11 04 00 1461.0000 0.0000 1144
11 04 10 1489.0000 0.0000 1144
11 04 20 1463.0000 0.0000 1144
11 04 30 1480.0000 0.0000 1144
11 04 40 1445.0000 1.0000 1144
11 04 50 1422.0000 0.0000 1144
11 05 00 1445.0000 0.0000 1144
11 05 10 1466.0000 0.0000 1144
11 05 20 1463.0000 1.0000 1144
11 05 30 1531.0000 0.0000 1144
11 05 40 1513.0000 0.0000 1144
11 05 50 1401.0000 0.0000 1144
11 06 00 1421.0000 0.0000 1144
11 06 10 1433.0000 0.0000 1144
11 06 20 1504.0000 0.0000 1144
11 06 31 1515.0000 0.0000 1144
11 06 41 1475.0000 1.0000 1144
11 06 51 1444.0000 0.0000 1144
11 07 01 1448.0000 0.0000 1144
11 07 11 1424.0000 0.0000 1144
11 07 21 1483.0000 0.0000 1144
11 07 31 1550.0000 0.0000 1144
11 07 41 1440.0000 0.0000 1144
11 07 51 1469.0000 0.0000 1144
11 08 01 1545.0000 0.0000 1144
11 08 11 1523.0000 1.0000 1144
11 08 21 1490.0000 0.0000 1144
11 08 31 1536.0000 0.0000 1144
11 08 41 1463.0000 0.0000 1144
11 08 51 1481.0000 0.0000 1144
11 09 01 1448.0000 0.0000 1144
11 09 11 1430.0000 0.0000 1144
11 09 21 1518.0000 0.0000 1144
11 09 31 1513.0000 0.0000 1144
11 09 41 1406.0000 0.0000 1144
11 09 51 1409.0000 0.0000 1144
11 10 01 1466.0000 0.0000 1144
11 10 11 1431.0000 0.0000 1144
11 10 21 1489.0000 0.0000 1144
11 10 31 1490.0000 0.0000 1144
11 10 41 1477.0000 0.0000 1144
11 10 51 1467.0000 0.0000 1144
11 11 01 1454.0000 0.0000 1144
11 11 11 1451.0000 0.0000 1144
11 11 21 1477.0000 0.0000 1144
11 11 31 1540.0000 0.0000 1144
11 11 41 1543.0000 0.0000 1144
11 11 51 1442.0000 0.0000 1144
11 12 01 1472.0000 0.0000 1144
11 12 11 1438.0000 0.0000 1144
11 12 21 1472.0000 0.0000 1144
11 12 31 1481.0000 0.0000 1144
11 12 41 1520.0000 1.0000 1144
11 12 51 1437.0000 0.0000 1144
11 13 01 1475.0000 0.0000 1144
11 13 11 1403.0000 0.0000 1144
11 13 21 1487.0000 0.0000 1144
11 13 31 1474.0000 0.0000 1144
11 13 41 1461.0000 0.0000 1144
11 13 51 1481.0000 0.0000 1144
11 14 01 1422.0000 0.0000 1144
11 14 11 1466.0000 0.0000 1144
11 14 21 1407.0000 0.0000 1144
11 14 31 1480.0000 1.0000 1144
11 14 41 1455.0000 0.0000 1144
11 14 51 1445.0000 0.0000 1144
11 15 01 1409.0000 1.0000 1144
11 15 11 1494.0000 0.0000 1144
11 15 21 1461.0000 0.0000 1144
11 15 31 1424.0000 0.0000 1144
11 15 41 1464.0000 0.0000 1144
11 15 51 1497.0000 0.0000 1144
11 16 01 1462.0000 0.0000 1144
11 16 11 1491.0000 0.0000 1144
11 16 21 1506.0000 0.0000 1144
11 16 31 1491.0000 0.0000 1144
11 16 41 1515.0000 0.0000 1144
11 16 51 1475.0000 0.0000 1144
11 17 01 1516.0000 0.0000 1144
11 17 11 1465.0000 0.0000 1144
11 17 21 1484.0000 0.0000 1144
11 17 31 1473.0000 0.0000 1144
11 17 41 1496.0000 0.0000 1144
11 17 51 1482.0000 0.0000 1144
11 18 01 1461.0000 0.0000 1144
11 18 11 1409.0000 0.0000 1144
11 18 21 1503.0000 0.0000 1144
11 18 31 1476.0000 0.0000 1144
11 18 41 1467.0000 1.0000 1144
11 18 51 1494.0000 0.0000 1144
11 19 01 1429.0000 0.0000 1144
11 19 11 1514.0000 0.0000 1144
11 19 21 1447.0000 0.0000 1144
11 19 31 1434.0000 0.0000 1144
11 19 41 1356.0000 0.0000 1144
11 19 51 1514.0000 0.0000 1144
11 20 01 1512.0000 0.0000 1144
11 20 11 1503.0000 0.0000 1144
11 20 21 1494.0000 0.0000 1144
11 20 31 1492.0000 0.0000 1144
11 20 41 1438.0000 0.0000 1144
11 20 51 1480.0000 0.0000 1144
11 21 01 1459.0000 0.0000 1144
11 21 11 1435.0000 0.0000 1144
11 21 21 1365.0000 0.0000 1144
11 21 31 1430.0000 1.0000 1144
11 21 41 1459.0000 0.0000 1144
11 21 51 1439.0000 0.0000 1144
11 22 01 1440.0000 0.0000 1144
11 22 11 1436.0000 0.0000 1144
11 22 21 1529.0000 0.0000 1144
11 22 31 1453.0000 0.0000 1144
11 22 41 1490.0000 0.0000 1144
11 22 51 1448.0000 0.0000 1144
11 23 01 1411.0000 0.0000 1144
11 23 11 1423.0000 0.0000 1144
11 23 21 1360.0000 0.0000 1144
11 23 31 1526.0000 0.0000 1144
11 23 41 1477.0000 0.0000 1144
11 23 51 1489.0000 1.0000 1144
11 24 01 1507.0000 0.0000 1144
11 24 11 1484.0000 1.0000 1144
11 24 21 1494.0000 0.0000 1144
11 24 31 1481.0000 0.0000 1144
11 24 41 1401.0000 0.0000 1144
11 24 51 1463.0000 0.0000 1144
11 25 01 1410.0000 0.0000 1144
11 25 11 1418.0000 0.0000 1144
11 25 21 1522.0000 0.0000 1144
11 25 31 1534.0000 1.0000 1144
11 25 41 1428.0000 0.0000 1144
11 25 51 1492.0000 0.0000 1144
11 26 01 1443.0000 0.0000 1144
11 26 11 1424.0000 0.0000 1144
11 26 21 1425.0000 1.0000 1144
11 26 32 1499.0000 0.0000 1144
11 26 42 1529.0000 0.0000 1144
11 26 52 1493.0000 0.0000 1144
11 27 02 1552.0000 0.0000 1144
11 27 12 1445.0000 0.0000 1144
11 27 22 1470.0000 0.0000 1144
11 27 32 1550.0000 0.0000 1144
11 27 42 1492.0000 0.0000 1144
11 27 52 1511.0000 0.0000 1144
11 28 02 1471.0000 0.0000 1144
11 28 12 1475.0000 0.0000 1144
11 28 22 1421.0000 1.0000 1144
11 28 32 1455.0000 0.0000 1144
11 28 42 1383.0000 0.0000 1144
11 28 52 1534.0000 0.0000 1144
11 29 02 1421.0000 0.0000 1144
11 29 12 1448.0000 0.0000 1144
11 29 22 1518.0000 0.0000 1144
11 29 32 1420.0000 0.0000 1144
11 29 42 1462.0000 0.0000 1144
11 29 52 1488.0000 0.0000 1144
11 30 02 1445.0000 0.0000 1144
11 30 12 1500.0000 0.0000 1144
11 30 22 1420.0000 0.0000 1144
11 30 32 1495.0000 0.0000 1144
11 30 42 1430.0000 0.0000 1144
11 30 52 1490.0000 1.0000 1144
11 31 02 1417.0000 0.0000 1144
11 31 12 1457.0000 0.0000 1144
11 31 22 1396.0000 0.0000 1144
11 31 32 1548.0000 0.0000 1144
11 31 42 1499.0000 0.0000 1144
11 31 52 1431.0000 0.0000 1144
11 32 02 1453.0000 0.0000 1144
11 32 12 1455.0000 1.0000 1144
11 32 22 1516.0000 0.0000 1144
11 32 32 1421.0000 0.0000 1144
11 32 42 1466.0000 0.0000 1144
11 32 52 1403.0000 0.0000 1144
11 33 02 1432.0000 0.0000 1144
11 33 12 1491.0000 1.0000 1144
11 33 22 1473.0000 0.0000 1144
11 33 32 1458.0000 0.0000 1144
11 33 42 1450.0000 0.0000 1144
11 33 52 1400.0000 0.0000 1144
11 34 02 1480.0000 1.0000 1144
11 34 12 1510.0000 0.0000 1144
11 34 22 1505.0000 0.0000 1144
11 34 32 1451.0000 0.0000 1144
11 34 42 1410.0000 0.0000 1144
11 34 52 1427.0000 0.0000 1144
11 35 02 1470.0000 0.0000 1144
11 35 12 1440.0000 0.0000 1144
11 35 22 1443.0000 0.0000 1144
11 35 32 1467.0000 0.0000 1144
11 35 42 1450.0000 0.0000 1144
11 35 52 1428.0000 0.0000 1144
11 36 02 1411.0000 0.0000 1144
11 36 12 1513.0000 0.0000 1144
11 36 22 1486.0000 0.0000 1144
11 36 32 1442.0000 0.0000 1144
11 36 42 1529.0000 0.0000 1144
11 36 52 1507.0000 0.0000 1144
11 37 02 1453.0000 0.0000 1144
11 37 12 1550.0000 0.0000 1144
11 37 22 1445.0000 0.0000 1144
11 37 32 1454.0000 0.0000 1144
11 37 42 1413.0000 0.0000 1144
11 37 52 1510.0000 0.0000 1144
11 38 02 1461.0000 0.0000 1144
11 38 12 1454.0000 0.0000 1144
11 38 22 1381.0000 0.0000 1144
11 38 32 1525.0000 0.0000 1144
11 38 42 1472.0000 0.0000 1144
11 38 52 1474.0000 0.0000 1144
11 39 02 1442.0000 0.0000 1144
11 39 12 1457.0000 0.0000 1144
11 39 22 1469.0000 0.0000 1144
11 39 32 1452.0000 0.0000 1144
11 39 42 1499.0000 0.0000 1144
11 39 52 1415.0000 0.0000 1144
11 40 02 1370.0000 0.0000 1144
11 40 12 1445.0000 0.0000 1144
11 40 22 1490.0000 0.0000 1144
11 40 32 1463.0000 0.0000 1144
11 40 42 1423.0000 0.0000 1144
11 40 52 1436.0000 0.0000 1144
11 41 02 1449.0000 0.0000 1144
11 41 12 1459.0000 0.0000 1144
11 41 22 1516.0000 0.0000 1144
11 41 32 1495.0000 0.0000 1144
11 41 42 1445.0000 0.0000 1144
11 41 52 1434.0000 0.0000 1144
11 42 02 1380.0000 0.0000 1144
11 42 12 1454.0000 0.0000 1144
11 42 22 1483.0000 0.0000 1144
11 42 32 1373.0000 0.0000 1144
11 42 42 1480.0000 0.0000 1144
11 42 52 1464.0000 0.0000 1144
11 43 02 1475.0000 0.0000 1144
11 43 12 1527.0000 1.0000 1144
11 43 22 1404.0000 0.0000 1144
11 43 32 1468.0000 0.0000 1144
11 43 42 1487.0000 0.0000 1144
11 43 52 1477.0000 0.0000 1144
11 44 02 1385.0000 0.0000 1144
11 44 12 1496.0000 0.0000 1144
11 44 22 1422.0000 0.0000 1144
11 44 32 1403.0000 0.0000 1144
11 44 42 1482.0000 0.0000 1144
11 44 52 1433.0000 0.0000 1144
11 45 02 1498.0000 0.0000 1144
11 45 12 1503.0000 0.0000 1144
11 45 22 1547.0000 0.0000 1144
11 45 32 1442.0000 0.0000 1144
11 45 42 1436.0000 1.0000 1144
11 45 52 1440.0000 0.0000 1144
11 46 02 1474.0000 0.0000 1144
11 46 12 1432.0000 0.0000 1144
11 46 22 1405.0000 0.0000 1144
11 46 33 1461.0000 0.0000 1144
11 46 43 1471.0000 0.0000 1144
11 46 53 1471.0000 0.0000 1144
11 47 03 1502.0000 0.0000 1144
11 47 13 1357.0000 0.0000 1144
11 47 23 1524.0000 0.0000 1144
11 47 33 1456.0000 0.0000 1144
11 47 43 1470.0000 0.0000 1144
11 47 53 1434.0000 0.0000 1144
11 48 03 1488.0000 0.0000 1144
11 48 13 1449.0000 0.0000 1144
11 48 23 1503.0000 0.0000 1144
11 48 33 1423.0000 0.0000 1144
11 48 43 1435.0000 0.0000 1144
11 48 53 1407.0000 0.0000 1144
11 49 03 1446.0000 0.0000 1144
11 49 13 1473.0000 0.0000 1144
11 49 23 1478.0000 0.0000 1144
11 49 33 1472.0000 0.0000 1144
11 49 43 1493.0000 0.0000 1144
11 49 53 1512.0000 0.0000 1144
11 50 03 1505.0000 0.0000 1144
11 50 13 1506.0000 0.0000 1144
11 50 23 1497.0000 0.0000 1144
11 50 33 1457.0000 0.0000 1144
11 50 43 1473.0000 0.0000 1144
11 50 53 1454.0000 0.0000 1144
11 51 03 1430.0000 0.0000 1144
11 51 13 1335.0000 0.0000 1144
11 51 23 1452.0000 0.0000 1144
11 51 33 1420.0000 0.0000 1144
11 51 43 1487.0000 0.0000 1144
11 51 53 1470.0000 0.0000 1144
11 52 03 1443.0000 0.0000 1144
11 52 13 1496.0000 0.0000 1144
11 52 23 1446.0000 0.0000 1144
11 52 33 1448.0000 0.0000 1144
11 52 43 1431.0000 0.0000 1144
11 52 53 1412.0000 0.0000 1144
11 53 03 1524.0000 0.0000 1144
11 53 13 1419.0000 0.0000 1144
11 53 23 1415.0000 0.0000 1144
11 53 33 1392.0000 0.0000 1144
11 53 43 1450.0000 0.0000 1144
11 53 53 1423.0000 0.0000 1144
11 54 03 1389.0000 0.0000 1144
11 54 13 1473.0000 0.0000 1144
11 54 23 1437.0000 0.0000 1144
11 54 33 1459.0000 0.0000 1144
11 54 43 1452.0000 0.0000 1144
11 54 53 1471.0000 0.0000 1144
11 55 03 1436.0000 0.0000 1144
11 55 13 1496.0000 0.0000 1144
11 55 23 1471.0000 0.0000 1144
11 55 33 1498.0000 0.0000 1144
11 55 43 1506.0000 1.0000 1144
11 55 53 1397.0000 0.0000 1144
11 56 03 1499.0000 0.0000 1144
11 56 13 1533.0000 0.0000 1144
11 56 23 1513.0000 0.0000 1144
11 56 33 1466.0000 0.0000 1144
11 56 43 1445.0000 0.0000 1144
11 56 53 1447.0000 0.0000 1144
11 57 03 1421.0000 0.0000 1144
11 57 13 1492.0000 0.0000 1144
11 57 23 1502.0000 0.0000 1144
11 57 33 1446.0000 0.0000 1144
11 57 43 1413.0000 0.0000 1144
11 57 53 1394.0000 0.0000 1144
11 58 03 1443.0000 0.0000 1144
11 58 13 1523.0000 0.0000 1144
11 58 23 1467.0000 0.0000 1144
11 58 33 1508.0000 0.0000 1144
11 58 43 1441.0000 0.0000 1144
11 58 53 1502.0000 0.0000 1144
11 59 03 1565.0000 0.0000 1144
11 59 13 1460.0000 1.0000 1144
11 59 23 1440.0000 0.0000 1144
11 59 33 1420.0000 0.0000 1144
11 59 43 1526.0000 0.0000 1144
11 59 53 1497.0000 0.0000 1144
12 00 03 1506.0000 0.0000 1144
12 00 13 1447.0000 0.0000 1144
12 00 23 1483.0000 0.0000 1144
12 00 33 1476.0000 0.0000 1144
12 00 43 1526.0000 0.0000 1144
12 00 53 1436.0000 0.0000 1144
12 01 03 1465.0000 0.0000 1144
12 01 13 1468.0000 0.0000 1144
12 01 23 1473.0000 0.0000 1144
12 01 33 1458.0000 0.0000 1144
12 01 43 1462.0000 0.0000 1144
12 01 53 1514.0000 0.0000 1144
12 02 03 1459.0000 0.0000 1144
12 02 13 1395.0000 0.0000 1144
12 02 23 1554.0000 0.0000 1144
12 02 33 1514.0000 0.0000 1144
12 02 43 1427.0000 0.0000 1144
12 02 53 1457.0000 1.0000 1144
12 03 03 1543.0000 0.0000 1144
12 03 13 1503.0000 0.0000 1144
12 03 23 1471.0000 0.0000 1144
12 03 33 1429.0000 0.0000 1144
12 03 43 1470.0000 0.0000 1144
12 03 53 1485.0000 0.0000 1144
12 04 03 1435.0000 0.0000 1144
12 04 13 1511.0000 0.0000 1144
12 04 23 1409.0000 0.0000 1144
12 04 33 1443.0000 0.0000 1144
12 04 43 1440.0000 0.0000 1144
12 04 53 1540.0000 0.0000 1144
12 05 03 1455.0000 0.0000 1144
12 05 13 1507.0000 0.0000 1144
12 05 23 1429.0000 0.0000 1144
12 05 33 1406.0000 0.0000 1144
12 05 43 1495.0000 0.0000 1144
12 05 53 1485.0000 0.0000 1144
12 06 03 1480.0000 0.0000 1144
12 06 14 1424.0000 0.0000 1144
12 06 24 1464.0000 0.0000 1144
12 06 34 1456.0000 0.0000 1144
12 06 44 1413.0000 0.0000 1144
12 06 54 1450.0000 0.0000 1144
12 07 04 1444.0000 0.0000 1144
12 07 14 1427.0000 0.0000 1144
12 07 24 1416.0000 0.0000 1144
12 07 34 1396.0000 0.0000 1144
12 07 44 1458.0000 0.0000 1144
12 07 54 1489.0000 0.0000 1144
12 08 04 1433.0000 0.0000 1144
12 08 14 1402.0000 0.0000 1144
12 08 24 1470.0000 1.0000 1144
12 08 34 1429.0000 0.0000 1144
12 08 44 1471.0000 0.0000 1144
12 08 54 1456.0000 0.0000 1144
12 09 04 1465.0000 0.0000 1144
12 09 14 1440.0000 0.0000 1144
12 09 24 1451.0000 0.0000 1144
12 09 34 1441.0000 0.0000 1144
12 09 44 1445.0000 1.0000 1144
12 09 54 1448.0000 0.0000 1144
12 10 04 1452.0000 1.0000 1144
12 10 14 1425.0000 0.0000 1144
12 10 24 1404.0000 0.0000 1144
12 10 34 1451.0000 0.0000 1144
12 10 44 1417.0000 0.0000 1144
12 10 54 1478.0000 0.0000 1144
12 11 04 1405.0000 1.0000 1144
12 11 14 1451.0000 0.0000 1144
12 11 24 1398.0000 0.0000 1144
12 11 34 1385.0000 0.0000 1144
12 11 44 1438.0000 0.0000 1144
12 11 54 1429.0000 0.0000 1144
12 12 04 1454.0000 0.0000 1144
12 12 14 1434.0000 0.0000 1144
12 12 24 1436.0000 0.0000 1144
12 12 34 1469.0000 0.0000 1144
12 12 44 1504.0000 0.0000 1144
12 12 54 1443.0000 0.0000 1144
12 13 04 1444.0000 0.0000 1144
12 13 14 1499.0000 0.0000 1144
12 13 24 1448.0000 0.0000 1144
12 13 34 1421.0000 0.0000 1144
12 13 44 1508.0000 0.0000 1144
12 13 54 1412.0000 0.0000 1144
12 14 04 1401.0000 0.0000 1144
12 14 14 1457.0000 0.0000 1144
12 14 24 1420.0000 0.0000 1144
12 14 34 1467.0000 0.0000 1144
12 14 44 1447.0000 0.0000 1144
12 14 54 1510.0000 0.0000 1144
12 15 04 1344.0000 0.0000 1144
12 15 14 1415.0000 0.0000 1144
12 15 24 1434.0000 0.0000 1144
12 15 34 1437.0000 0.0000 1144
12 15 44 1449.0000 0.0000 1144
12 15 54 1417.0000 0.0000 1144
12 16 04 1472.0000 0.0000 1144
12 16 14 1411.0000 0.0000 1144
12 16 24 1441.0000 0.0000 1144
12 16 34 1437.0000 0.0000 1144
12 16 44 1416.0000 0.0000 1144
12 16 54 1445.0000 0.0000 1144
12 17 04 1435.0000 0.0000 1144
12 17 14 1444.0000 0.0000 1144
12 17 24 1425.0000 0.0000 1144
12 17 34 1427.0000 0.0000 1144
12 17 44 1431.0000 0.0000 1144
12 17 54 1370.0000 0.0000 1144
12 18 04 1373.0000 0.0000 1144
12 18 14 1458.0000 0.0000 1144
12 18 24 1428.0000 0.0000 1144
12 18 34 1420.0000 0.0000 1144
12 18 44 1510.0000 0.0000 1144
12 18 54 1437.0000 0.0000 1144
12 19 04 1454.0000 1.0000 1144
12 19 14 1431.0000 0.0000 1144
12 19 24 1488.0000 0.0000 1144
12 19 34 1449.0000 0.0000 1144
12 19 44 1403.0000 0.0000 1144
12 19 54 1486.0000 0.0000 1144
12 20 04 1462.0000 0.0000 1144
12 20 14 1428.0000 0.0000 1144
12 20 24 1436.0000 0.0000 1144
12 20 34 1522.0000 0.0000 1144
12 20 44 1366.0000 0.0000 1144
12 20 54 1401.0000 0.0000 1144
12 21 04 1418.0000 0.0000 1144
12 21 14 1453.0000 0.0000 1144
12 21 24 1503.0000 0.0000 1144
12 21 34 1420.0000 0.0000 1144
12 21 44 1467.0000 0.0000 1144
12 21 54 1494.0000 0.0000 1144
12 22 04 1440.0000 0.0000 1144
12 22 14 1416.0000 0.0000 1144
12 22 24 1438.0000 0.0000 1144
12 22 34 1387.0000 0.0000 1144
12 22 44 1402.0000 0.0000 1144
12 22 54 1446.0000 0.0000 1144
12 23 04 1480.0000 0.0000 1144
12 23 14 1412.0000 0.0000 1144
12 23 24 1405.0000 0.0000 1144
12 23 34 1399.0000 0.0000 1144
12 23 44 1472.0000 0.0000 1144
12 23 54 1448.0000 0.0000 1144
12 24 04 1395.0000 0.0000 1144
12 24 14 1407.0000 0.0000 1144
12 24 24 1360.0000 0.0000 1144
12 24 34 1397.0000 0.0000 1144
12 24 44 1482.0000 0.0000 1144
12 24 54 1398.0000 0.0000 1144
12 25 04 1506.0000 0.0000 1144
12 25 14 1430.0000 0.0000 1144
12 25 24 1424.0000 0.0000 1144
12 25 34 1429.0000 0.0000 1144
12 25 44 1422.0000 0.0000 1144
12 25 54 1465.0000 0.0000 1144
12 26 05 1333.0000 0.0000 1144
12 26 15 1472.0000 0.0000 1144
12 26 25 1362.0000 0.0000 1144
12 26 35 1463.0000 0.0000 1144
12 26 45 1536.0000 0.0000 1144
12 26 55 1462.0000 0.0000 1144
12 27 05 1351.0000 0.0000 1144
12 27 15 1363.0000 0.0000 1144
12 27 25 1489.0000 0.0000 1144
12 27 35 1411.0000 0.0000 1144
12 27 45 1425.0000 0.0000 1144
12 27 55 1460.0000 0.0000 1144
12 28 05 1482.0000 0.0000 1144
12 28 15 1397.0000 1.0000 1144
12 28 25 1418.0000 0.0000 1144
12 28 35 1455.0000 0.0000 1144
12 28 45 1483.0000 0.0000 1144
12 28 55 1439.0000 0.0000 1144
12 29 05 1412.0000 0.0000 1144
12 29 15 1437.0000 0.0000 1144
12 29 25 1414.0000 0.0000 1144
12 29 35 1320.0000 0.0000 1144
12 29 45 1308.0000 0.0000 1144
12 29 55 1442.0000 0.0000 1144
12 30 05 1407.0000 0.0000 1144
12 30 15 1417.0000 0.0000 1144
12 30 25 1447.0000 0.0000 1144
12 30 35 1434.0000 0.0000 1144
12 30 45 1396.0000 0.0000 1144
12 30 55 1452.0000 0.0000 1144
12 31 05 1412.0000 0.0000 1144
12 31 15 1404.0000 0.0000 1144
12 31 25 1446.0000 0.0000 1144
12 31 35 1457.0000 0.0000 1144
12 31 45 1468.0000 0.0000 1144
12 31 55 1461.0000 0.0000 1144
12 32 05 1396.0000 0.0000 1144
12 32 15 1419.0000 0.0000 1144
12 32 25 1498.0000 1.0000 1144
12 32 35 1462.0000 0.0000 1144
12 32 45 1442.0000 0.0000 1144
12 32 55 1384.0000 0.0000 1144
12 33 05 1487.0000 1.0000 1144
12 33 15 1410.0000 0.0000 1144
12 33 25 1479.0000 0.0000 1144
12 33 35 1396.0000 0.0000 1144
12 33 45 1419.0000 0.0000 1144
12 33 55 1407.0000 0.0000 1144
12 34 05 1424.0000 0.0000 1144
12 34 15 1406.0000 0.0000 1144
12 34 25 1386.0000 1.0000 1144
12 34 35 1376.0000 0.0000 1144
12 34 45 1411.0000 0.0000 1144
12 34 55 1466.0000 0.0000 1144
12 35 05 1391.0000 0.0000 1144
12 35 15 1411.0000 0.0000 1144
12 35 25 1455.0000 0.0000 1144
12 35 35 1387.0000 0.0000 1144
12 35 45 1420.0000 0.0000 1144
12 35 55 1446.0000 0.0000 1144
12 36 05 1433.0000 0.0000 1144
12 36 15 1472.0000 0.0000 1144
12 36 25 1437.0000 0.0000 1144
12 36 35 1445.0000 0.0000 1144
12 36 45 1430.0000 0.0000 1144
12 36 55 1408.0000 0.0000 1144
12 37 05 1438.0000 0.0000 1144
12 37 15 1377.0000 0.0000 1144
12 37 25 1407.0000 0.0000 1144
12 37 35 1408.0000 0.0000 1144
12 37 45 1373.0000 0.0000 1144
12 37 55 1401.0000 0.0000 1144
12 38 05 1413.0000 0.0000 1144
12 38 15 1397.0000 1.0000 1144
12 38 25 1474.0000 0.0000 1144
12 38 35 1394.0000 0.0000 1144
12 38 45 1443.0000 0.0000 1144
12 38 55 1392.0000 0.0000 1144
12 39 05 1444.0000 0.0000 1144
12 39 15 1415.0000 0.0000 1144
12 39 25 1509.0000 0.0000 1144
12 39 35 1376.0000 0.0000 1144
12 39 45 1497.0000 0.0000 1144
12 39 55 1441.0000 0.0000 1144
12 40 05 1332.0000 0.0000 1144
12 40 15 1454.0000 0.0000 1144
12 40 25 1366.0000 0.0000 1144
12 40 35 1431.0000 0.0000 1144
12 40 45 1453.0000 0.0000 1144
12 40 55 1418.0000 0.0000 1144
12 41 05 1399.0000 0.0000 1144
12 41 15 1411.0000 0.0000 1144
12 41 25 1444.0000 0.0000 1144
12 41 35 1384.0000 0.0000 1144
12 41 45 1406.0000 0.0000 1144
12 41 55 1407.0000 2.0000 1144
12 42 05 1384.0000 0.0000 1144
12 42 15 1412.0000 0.0000 1144
12 42 25 1432.0000 0.0000 1144
12 42 35 1373.0000 0.0000 1144
12 42 45 1470.0000 0.0000 1144
12 42 55 1400.0000 0.0000 1144
12 43 05 1388.0000 0.0000 1144
12 43 15 1458.0000 0.0000 1144
12 43 25 1498.0000 0.0000 1144
12 43 35 1443.0000 0.0000 1144
12 43 45 1455.0000 0.0000 1144
12 43 55 1380.0000 0.0000 1144
12 44 05 1410.0000 0.0000 1144
12 44 15 1412.0000 0.0000 1144
12 44 25 1401.0000 1.0000 1144
12 44 35 1408.0000 0.0000 1144
12 44 45 1422.0000 0.0000 1144
12 44 55 1369.0000 0.0000 1144
12 45 05 1425.0000 0.0000 1144
12 45 15 1424.0000 0.0000 1144
12 45 25 1460.0000 0.0000 1144
12 45 35 1424.0000 0.0000 1144
12 45 45 1444.0000 0.0000 1144
12 45 55 1419.0000 0.0000 1144
12 46 06 1371.0000 0.0000 1144
12 46 16 1390.0000 0.0000 1144
12 46 26 1410.0000 0.0000 1144
12 46 36 1451.0000 0.0000 1144
12 46 46 1410.0000 0.0000 1144
12 46 56 1418.0000 1.0000 1144
12 47 06 1378.0000 0.0000 1144
12 47 16 1422.0000 0.0000 1144
12 47 26 1392.0000 0.0000 1144
12 47 36 1467.0000 0.0000 1144
12 47 46 1393.0000 0.0000 1144
12 47 56 1348.0000 0.0000 1144
12 48 06 1418.0000 0.0000 1144
12 48 16 1404.0000 0.0000 1144
12 48 26 1437.0000 0.0000 1144
12 48 36 1444.0000 0.0000 1144
12 48 46 1373.0000 0.0000 1144
12 48 56 1421.0000 0.0000 1144
12 49 06 1408.0000 0.0000 1144
12 49 16 1421.0000 0.0000 1144
12 49 26 1395.0000 0.0000 1144
12 49 36 1451.0000 0.0000 1144
12 49 46 1434.0000 1.0000 1144
12 49 56 1388.0000 1.0000 1144
12 50 06 1405.0000 0.0000 1144
12 50 16 1419.0000 0.0000 1144
12 50 26 1364.0000 0.0000 1144
12 50 36 1435.0000 0.0000 1144
12 50 46 1411.0000 0.0000 1144
12 50 56 1412.0000 0.0000 1144
12 51 06 1394.0000 0.0000 1144
12 51 16 1387.0000 0.0000 1144
12 51 26 1426.0000 0.0000 1144
12 51 36 1364.0000 0.0000 1144
12 51 46 1420.0000 0.0000 1144
12 51 56 1432.0000 0.0000 1144
12 52 06 1412.0000 0.0000 1144
12 52 16 1301.0000 0.0000 1144
12 52 26 1403.0000 0.0000 1144
12 52 36 1349.0000 0.0000 1144
12 52 46 1359.0000 0.0000 1144
12 52 56 1374.0000 0.0000 1144
12 53 06 1395.0000 0.0000 1144
12 53 16 1459.0000 0.0000 1144
12 53 26 1430.0000 0.0000 1144
12 53 36 1418.0000 0.0000 1144
12 53 46 1310.0000 0.0000 1144
12 53 56 1433.0000 0.0000 1144
12 54 06 1389.0000 0.0000 1144
12 54 16 1406.0000 0.0000 1144
12 54 26 1362.0000 0.0000 1144
12 54 36 1383.0000 0.0000 1144
12 54 46 1319.0000 0.0000 1144
12 54 56 1438.0000 0.0000 1144
12 55 06 1387.0000 0.0000 1144
12 55 16 1400.0000 0.0000 1144
12 55 26 1469.0000 1.0000 1144
12 55 36 1448.0000 0.0000 1144
12 55 46 1363.0000 0.0000 1144
12 55 56 1435.0000 0.0000 1144
12 56 06 1408.0000 0.0000 1144
12 56 16 1350.0000 0.0000 1144
12 56 26 1395.0000 0.0000 1144
12 56 36 1394.0000 0.0000 1144
12 56 46 1424.0000 0.0000 1144
12 56 56 1330.0000 0.0000 1144
12 57 06 1377.0000 0.0000 1144
12 57 16 1511.0000 0.0000 1144
12 57 26 1437.0000 0.0000 1144
12 57 36 1427.0000 0.0000 1144
12 57 46 1403.0000 0.0000 1144
12 57 56 1423.0000 0.0000 1144
12 58 06 1341.0000 0.0000 1144
12 58 16 1344.0000 0.0000 1144
12 58 26 1428.0000 0.0000 1144
12 58 36 1407.0000 0.0000 1144
12 58 46 1361.0000 0.0000 1144
12 58 56 1399.0000 1.0000 1144
12 59 06 1424.0000 0.0000 1144
12 59 16 1408.0000 0.0000 1144
12 59 26 1383.0000 0.0000 1144
12 59 36 1454.0000 0.0000 1144
12 59 46 1379.0000 0.0000 1144
12 59 56 1362.0000 0.0000 1144
13 00 06 1402.0000 0.0000 1144
13 00 16 1394.0000 0.0000 1144
13 00 26 1384.0000 0.0000 1144
13 00 36 1368.0000 0.0000 1144
13 00 46 1405.0000 0.0000 1144
13 00 56 1462.0000 0.0000 1144
13 01 06 1342.0000 0.0000 1144
13 01 16 1399.0000 0.0000 1144
13 01 26 1367.0000 0.0000 1144
13 01 36 1467.0000 0.0000 1144
13 01 46 1391.0000 0.0000 1144
13 01 56 1444.0000 0.0000 1144
13 02 06 1405.0000 0.0000 1144
13 02 16 1444.0000 0.0000 1144
13 02 26 1412.0000 0.0000 1144
13 02 36 1391.0000 0.0000 1144
13 02 46 1372.0000 0.0000 1144
13 02 56 1329.0000 0.0000 1144
13 03 06 1424.0000 0.0000 1144
13 03 16 1445.0000 0.0000 1144
13 03 26 1425.0000 0.0000 1144
13 03 36 1392.0000 0.0000 1144
13 03 46 1427.0000 0.0000 1144
13 03 56 1409.0000 0.0000 1144
13 04 06 1404.0000 0.0000 1144
13 04 16 1324.0000 0.0000 1144
13 04 26 1451.0000 0.0000 1144
13 04 36 1426.0000 0.0000 1144
13 04 46 1478.0000 0.0000 1144
13 04 56 1429.0000 0.0000 1144
13 05 06 1386.0000 0.0000 1144
13 05 16 1418.0000 0.0000 1144
13 05 26 1409.0000 0.0000 1144
13 05 36 1408.0000 1.0000 1144
13 05 47 1403.0000 0.0000 1144
13 05 57 1376.0000 0.0000 1144
13 06 07 1357.0000 0.0000 1144
13 06 17 1341.0000 0.0000 1144
13 06 27 1374.0000 0.0000 1144
13 06 37 1422.0000 1.0000 1144
13 06 47 1383.0000 0.0000 1144
13 06 57 1355.0000 0.0000 1144
13 07 07 1380.0000 0.0000 1144
13 07 17 1329.0000 0.0000 1144
13 07 27 1410.0000 0.0000 1144
13 07 37 1350.0000 0.0000 1144
13 07 47 1388.0000 0.0000 1144
13 07 57 1441.0000 0.0000 1144
13 08 07 1362.0000 0.0000 1144
13 08 17 1429.0000 0.0000 1144
13 08 27 1388.0000 0.0000 1144
13 08 37 1345.0000 0.0000 1144
13 08 47 1429.0000 0.0000 1144
13 08 57 1330.0000 0.0000 1144
13 09 07 1342.0000 0.0000 1144
13 09 17 1382.0000 0.0000 1144
13 09 27 1341.0000 0.0000 1144
13 09 37 1408.0000 0.0000 1144
13 09 47 1358.0000 0.0000 1144
13 09 57 1377.0000 0.0000 1144
13 10 07 1416.0000 0.0000 1144
13 10 17 1343.0000 0.0000 1144
13 10 27 1325.0000 0.0000 1144
13 10 37 1424.0000 0.0000 1144
13 10 47 1349.0000 0.0000 1144
13 10 57 1420.0000 0.0000 1144
13 11 07 1415.0000 0.0000 1144
13 11 17 1300.0000 0.0000 1144
13 11 27 1399.0000 0.0000 1144
13 11 37 1403.0000 0.0000 1144
13 11 47 1399.0000 0.0000 1144
13 11 57 1417.0000 0.0000 1144
13 12 07 1443.0000 0.0000 1144
13 12 17 1429.0000 0.0000 1144
13 12 27 1396.0000 0.0000 1144
13 12 37 1394.0000 0.0000 1144
13 12 47 1382.0000 0.0000 1144
13 12 57 1393.0000 0.0000 1144
13 13 07 1464.0000 0.0000 1144
13 13 17 1434.0000 0.0000 1144
13 13 27 1382.0000 0.0000 1144
13 13 37 1359.0000 0.0000 1144
13 13 47 1387.0000 0.0000 1144
13 13 57 1299.0000 0.0000 1144
13 14 07 1395.0000 0.0000 1144
13 14 17 1439.0000 0.0000 1144
13 14 27 1420.0000 0.0000 1144
13 14 37 1420.0000 0.0000 1144
13 14 47 1416.0000 0.0000 1144
13 14 57 1384.0000 0.0000 1144
13 15 07 1458.0000 0.0000 1144
13 15 17 1339.0000 0.0000 1144
13 15 27 1363.0000 0.0000 1144
13 15 37 1402.0000 0.0000 1144
13 15 47 1378.0000 0.0000 1144
13 15 57 1367.0000 0.0000 1144
13 16 07 1403.0000 0.0000 1144
13 16 17 1370.0000 0.0000 1144
13 16 27 1397.0000 0.0000 1144
13 16 37 1399.0000 0.0000 1144
13 16 47 1344.0000 0.0000 1144
13 16 57 1374.0000 0.0000 1144
13 17 07 1306.0000 0.0000 1144
13 17 17 1471.0000 0.0000 1144
13 17 27 1378.0000 0.0000 1144
13 17 37 1386.0000 0.0000 1144
13 17 47 1379.0000 0.0000 1144
13 17 57 1432.0000 0.0000 1144
13 18 07 1366.0000 0.0000 1144
13 18 17 1365.0000 0.0000 1144
13 18 27 1369.0000 1.0000 1144
13 18 37 1361.0000 0.0000 1144
13 18 47 1442.0000 0.0000 1144
13 18 57 1334.0000 0.0000 1144
13 19 07 1349.0000 0.0000 1144
13 19 17 1355.0000 0.0000 1144
13 19 27 1344.0000 0.0000 1144
13 19 37 1464.0000 0.0000 1144
13 19 47 1360.0000 0.0000 1144
13 19 57 1442.0000 0.0000 1144
13 20 07 1394.0000 0.0000 1144
13 20 17 1313.0000 0.0000 1144
13 20 27 1333.0000 0.0000 1144
13 20 37 1343.0000 0.0000 1144
13 20 47 1413.0000 0.0000 1144
13 20 57 1396.0000 0.0000 1144
13 21 07 1356.0000 1.0000 1144
13 21 17 1429.0000 0.0000 1144
13 21 27 1373.0000 0.0000 1144
13 21 37 1430.0000 0.0000 1144
13 21 47 1298.0000 0.0000 1144
13 21 57 1338.0000 0.0000 1144
13 22 07 1395.0000 0.0000 1144
13 22 17 1420.0000 0.0000 1144
13 22 27 1423.0000 0.0000 1144
13 22 37 1405.0000 0.0000 1144
13 22 47 1385.0000 0.0000 1144
13 22 57 1355.0000 0.0000 1144
13 23 07 1411.0000 0.0000 1144
13 23 17 1387.0000 0.0000 1144
13 23 27 1434.0000 0.0000 1144
13 23 37 1359.0000 0.0000 1144
13 23 47 1361.0000 0.0000 1144
13 23 57 1319.0000 0.0000 1144
13 24 07 1269.0000 0.0000 1144
13 24 17 1378.0000 0.0000 1144
13 24 27 1407.0000 1.0000 1144
13 24 37 1428.0000 0.0000 1144
13 24 47 1422.0000 1.0000 1144
13 24 57 1369.0000 0.0000 1144
13 25 07 1416.0000 0.0000 1144
13 25 17 1431.0000 0.0000 1144
13 25 27 1357.0000 0.0000 1144
13 25 37 1362.0000 0.0000 1144
13 25 48 1414.0000 0.0000 1144
13 25 58 1443.0000 0.0000 1144
13 26 08 1413.0000 0.0000 1144
13 26 18 1385.0000 0.0000 1144
13 26 28 1357.0000 0.0000 1144
13 26 38 1399.0000 0.0000 1144
13 26 48 1349.0000 0.0000 1144
13 26 58 1417.0000 0.0000 1144
13 27 08 1407.0000 0.0000 1144
13 27 18 1344.0000 0.0000 1144
13 27 28 1385.0000 0.0000 1144
13 27 38 1367.0000 0.0000 1144
13 27 48 1297.0000 0.0000 1144
13 27 58 1316.0000 0.0000 1144
13 28 08 1329.0000 0.0000 1144
13 28 18 1396.0000 0.0000 1144
13 28 28 1363.0000 0.0000 1144
13 28 38 1418.0000 0.0000 1144
13 28 48 1362.0000 0.0000 1144
13 28 58 1431.0000 0.0000 1144
13 29 08 1373.0000 0.0000 1144
13 29 18 1390.0000 0.0000 1144
13 29 28 1399.0000 0.0000 1144
13 29 38 1352.0000 0.0000 1144
13 29 48 1395.0000 0.0000 1144
13 29 58 1319.0000 0.0000 1144
13 30 08 1330.0000 0.0000 1144
13 30 18 1415.0000 0.0000 1144
13 30 28 1376.0000 0.0000 1144
13 30 38 1381.0000 0.0000 1144
13 30 48 1382.0000 0.0000 1144
13 30 58 1334.0000 0.0000 1144
13 31 08 1396.0000 0.0000 1144
13 31 18 1363.0000 0.0000 1144
13 31 28 1331.0000 0.0000 1144
13 31 38 1438.0000 0.0000 1144
13 31 48 1386.0000 0.0000 1144
13 31 58 1391.0000 0.0000 1144
13 32 08 1350.0000 0.0000 1144
13 32 18 1363.0000 2.0000 1144
13 32 28 1401.0000 1.0000 1144
13 32 38 1373.0000 0.0000 1144
13 32 48 1330.0000 0.0000 1144
13 32 58 1368.0000 0.0000 1144
13 33 08 1342.0000 0.0000 1144
13 33 18 1366.0000 0.0000 1144
13 33 28 1293.0000 0.0000 1144
13 33 38 1354.0000 0.0000 1144
13 33 48 1357.0000 0.0000 1144
13 33 58 1416.0000 0.0000 1144
13 34 08 1381.0000 0.0000 1144
13 34 18 1379.0000 0.0000 1144
13 34 28 1356.0000 0.0000 1144
13 34 38 1403.0000 0.0000 1144
13 34 48 1403.0000 0.0000 1144
13 34 58 1277.0000 0.0000 1144
13 35 08 1391.0000 1.0000 1144
13 35 18 1385.0000 0.0000 1144
13 35 28 1379.0000 0.0000 1144
13 35 38 1416.0000 0.0000 1144
13 35 48 1431.0000 0.0000 1144
13 35 58 1350.0000 0.0000 1144
13 36 08 1376.0000 0.0000 1144
13 36 18 1355.0000 0.0000 1144
13 36 28 1362.0000 0.0000 1144
13 36 38 1396.0000 1.0000 1144
13 36 48 1335.0000 0.0000 1144
13 36 58 1417.0000 0.0000 1144
13 37 08 1424.0000 0.0000 1144
13 37 18 1414.0000 0.0000 1144
13 37 28 1411.0000 0.0000 1144
13 37 38 1391.0000 0.0000 1144
13 37 48 1339.0000 0.0000 1144
13 37 58 1381.0000 0.0000 1144
13 38 08 1263.0000 0.0000 1144
13 38 18 1359.0000 0.0000 1144
13 38 28 1289.0000 0.0000 1144
13 38 38 1362.0000 0.0000 1144
13 38 48 1361.0000 0.0000 1144
13 38 58 1348.0000 0.0000 1144
13 39 08 1323.0000 0.0000 1144
13 39 18 1386.0000 0.0000 1144
13 39 28 1363.0000 0.0000 1144
13 39 38 1364.0000 0.0000 1144
13 39 48 1430.0000 0.0000 1144
13 39 58 1341.0000 0.0000 1144
13 40 08 1383.0000 0.0000 1144
13 40 18 1346.0000 0.0000 1144
13 40 28 1335.0000 0.0000 1144
13 40 38 1359.0000 0.0000 1144
13 40 48 1286.0000 0.0000 1144
13 40 58 1394.0000 0.0000 1144
13 41 08 1370.0000 0.0000 1144
13 41 18 1382.0000 0.0000 1144
13 41 28 1452.0000 0.0000 1144
13 41 38 1301.0000 0.0000 1144
13 41 48 1344.0000 0.0000 1144
13 41 58 1329.0000 0.0000 1144
13 42 08 1380.0000 0.0000 1144
13 42 18 1304.0000 0.0000 1144
13 42 28 1366.0000 0.0000 1144
13 42 38 1410.0000 0.0000 1144
13 42 48 1424.0000 0.0000 1144
13 42 58 1365.0000 0.0000 1144
13 43 08 1361.0000 0.0000 1144
13 43 18 1321.0000 0.0000 1144
13 43 28 1379.0000 0.0000 1144
13 43 38 1291.0000 1.0000 1144
13 43 48 1319.0000 0.0000 1144
13 43 58 1366.0000 0.0000 1144
13 44 08 1392.0000 0.0000 1144
13 44 18 1338.0000 0.0000 1144
13 44 28 1387.0000 0.0000 1144
13 44 38 1394.0000 0.0000 1144
13 44 48 1315.0000 0.0000 1144
13 44 58 1354.0000 0.0000 1144
13 45 08 1394.0000 0.0000 1144
13 45 18 1342.0000 0.0000 1144
13 45 28 1355.0000 1.0000 1144
13 45 39 1372.0000 0.0000 1144
13 45 49 1362.0000 0.0000 1144
13 45 59 1352.0000 0.0000 1144
13 46 09 1411.0000 0.0000 1144
13 46 19 1365.0000 0.0000 1144
13 46 29 1370.0000 0.0000 1144
13 46 39 1297.0000 1.0000 1144
13 46 49 1372.0000 0.0000 1144
13 46 59 1433.0000 0.0000 1144
13 47 09 1389.0000 0.0000 1144
13 47 19 1303.0000 0.0000 1144
13 47 29 1367.0000 0.0000 1144
13 47 39 1366.0000 0.0000 1144
13 47 49 1331.0000 1.0000 1144
13 47 59 1389.0000 0.0000 1144
13 48 09 1327.0000 0.0000 1144
13 48 19 1373.0000 0.0000 1144
13 48 29 1347.0000 0.0000 1144
13 48 39 1376.0000 0.0000 1144
13 48 49 1392.0000 0.0000 1144
13 48 59 1353.0000 0.0000 1144
13 49 09 1368.0000 0.0000 1144
13 49 19 1347.0000 0.0000 1144
13 49 29 1368.0000 0.0000 1144
13 49 39 1342.0000 0.0000 1144
13 49 49 1345.0000 0.0000 1144
13 49 59 1323.0000 0.0000 1144
13 50 09 1371.0000 0.0000 1144
13 50 19 1375.0000 0.0000 1144
13 50 29 1290.0000 0.0000 1144
13 50 39 1357.0000 0.0000 1144
13 50 49 1373.0000 0.0000 1144
13 50 59 1346.0000 0.0000 1144
13 51 09 1322.0000 0.0000 1144
13 51 19 1387.0000 1.0000 1144
13 51 29 1375.0000 0.0000 1144
13 51 39 1370.0000 0.0000 1144
13 51 49 1239.0000 0.0000 1144
13 51 59 1338.0000 0.0000 1144
13 52 09 1355.0000 0.0000 1144
13 52 19 1382.0000 0.0000 1144
13 52 29 1373.0000 0.0000 1144
13 52 39 1316.0000 0.0000 1144
13 52 49 1327.0000 0.0000 1144
13 52 59 1299.0000 0.0000 1144
13 53 09 1372.0000 0.0000 1144
13 53 19 1379.0000 0.0000 1144
13 53 29 1350.0000 1.0000 1144
13 53 39 1389.0000 1.0000 1144
13 53 49 1366.0000 0.0000 1144
13 53 59 1386.0000 0.0000 1144
13 54 09 1296.0000 0.0000 1144
13 54 19 1393.0000 0.0000 1144
13 54 29 1403.0000 0.0000 1144
13 54 39 1394.0000 0.0000 1144
13 54 49 1383.0000 0.0000 1144
13 54 59 1314.0000 0.0000 1144
13 55 09 1325.0000 0.0000 1144
13 55 19 1417.0000 0.0000 1144
13 55 29 1337.0000 0.0000 1144
13 55 39 1362.0000 0.0000 1144
13 55 49 1460.0000 0.0000 1144
13 55 59 1357.0000 0.0000 1144
13 56 09 1313.0000 0.0000 1144
13 56 19 1377.0000 0.0000 1144
13 56 29 1389.0000 0.0000 1144
13 56 39 1343.0000 0.0000 1144
13 56 49 1383.0000 0.0000 1144
13 56 59 1370.0000 0.0000 1144
13 57 09 1364.0000 0.0000 1144
13 57 19 1344.0000 0.0000 1144
13 57 29 1403.0000 0.0000 1144
13 57 39 1315.0000 0.0000 1144
13 57 49 1315.0000 0.0000 1144
13 57 59 1309.0000 0.0000 1144
13 58 09 1408.0000 0.0000 1144
13 58 19 1375.0000 0.0000 1144
13 58 29 1338.0000 0.0000 1144
13 58 39 1389.0000 0.0000 1144
13 58 49 1324.0000 0.0000 1144
13 58 59 1351.0000 1.0000 1144
13 59 09 1394.0000 0.0000 1144
13 59 19 1330.0000 0.0000 1144
13 59 29 1366.0000 0.0000 1144
13 59 39 1329.0000 0.0000 1144
13 59 49 1312.0000 0.0000 1144
13 59 59 1384.0000 0.0000 1144
14 00 09 1336.0000 0.0000 1144
14 00 19 1351.0000 0.0000 1144
14 00 29 1345.0000 0.0000 1144
14 00 39 1364.0000 0.0000 1144
14 00 49 1351.0000 0.0000 1144
14 00 59 1416.0000 0.0000 1144
14 01 09 1297.0000 0.0000 1144
14 01 19 1418.0000 0.0000 1144
14 01 29 1388.0000 0.0000 1144
14 01 39 1320.0000 0.0000 1144
14 01 49 1250.0000 0.0000 1144
14 01 59 1358.0000 0.0000 1144
14 02 09 1333.0000 0.0000 1144
14 02 19 1325.0000 0.0000 1144
14 02 29 1340.0000 0.0000 1144
14 02 39 1390.0000 0.0000 1144
14 02 49 1337.0000 0.0000 1144
14 02 59 1348.0000 0.0000 1144
14 03 09 1430.0000 0.0000 1144
14 03 19 1349.0000 0.0000 1144
14 03 29 1320.0000 0.0000 1144
14 03 39 1398.0000 0.0000 1144
14 03 49 1314.0000 1.0000 1144
14 03 59 1332.0000 0.0000 1144
14 04 09 1332.0000 0.0000 1144
14 04 19 1343.0000 0.0000 1144
14 04 29 1303.0000 0.0000 1144
14 04 39 1382.0000 0.0000 1144
14 04 49 1332.0000 0.0000 1144
14 04 59 1317.0000 0.0000 1144
14 05 09 1320.0000 0.0000 1144
14 05 20 1298.0000 0.0000 1144
14 05 30 1329.0000 0.0000 1144
14 05 40 1287.0000 0.0000 1144
14 05 50 1349.0000 0.0000 1144
14 06 00 1333.0000 0.0000 1144
14 06 10 1344.0000 0.0000 1144
14 06 20 1326.0000 0.0000 1144
14 06 30 1372.0000 0.0000 1144
14 06 40 1363.0000 0.0000 1144
14 06 50 1425.0000 0.0000 1144
14 07 00 1335.0000 0.0000 1144
14 07 10 1329.0000 0.0000 1144
14 07 20 1350.0000 0.0000 1144
14 07 30 1310.0000 0.0000 1144
14 07 40 1383.0000 0.0000 1144
14 07 50 1424.0000 0.0000 1144
14 08 00 1351.0000 0.0000 1144
14 08 10 1396.0000 0.0000 1144
14 08 20 1346.0000 0.0000 1144
14 08 30 1297.0000 0.0000 1144
14 08 40 1312.0000 0.0000 1144
14 08 50 1302.0000 0.0000 1144
14 09 00 1376.0000 0.0000 1144
14 09 10 1334.0000 0.0000 1144
14 09 20 1395.0000 0.0000 1144
14 09 30 1410.0000 0.0000 1144
14 09 40 1368.0000 0.0000 1144
14 09 50 1349.0000 0.0000 1144
14 10 00 1324.0000 0.0000 1144
14 10 10 1330.0000 0.0000 1144
14 10 20 1363.0000 0.0000 1144
14 10 30 1320.0000 0.0000 1144
14 10 40 1331.0000 0.0000 1144
14 10 50 1345.0000 0.0000 1144
14 11 00 1294.0000 0.0000 1144
14 11 10 1331.0000 0.0000 1144
14 11 20 1368.0000 0.0000 1144
14 11 30 1321.0000 0.0000 1144
14 11 40 1199.0000 0.0000 1144
14 11 50 1312.0000 0.0000 1144
14 12 00 1402.0000 0.0000 1144
14 12 10 1295.0000 0.0000 1144
14 12 20 1297.0000 0.0000 1144
14 12 30 1299.0000 0.0000 1144
14 12 40 1379.0000 0.0000 1144
14 12 50 1313.0000 0.0000 1144
14 13 00 1278.0000 1.0000 1144
14 13 10 1338.0000 0.0000 1144
14 13 20 1334.0000 0.0000 1144
14 13 30 1325.0000 0.0000 1144
14 13 40 1355.0000 0.0000 1144
14 13 50 1351.0000 0.0000 1144
14 14 00 1340.0000 0.0000 1144
14 14 10 1381.0000 0.0000 1144
14 14 20 1349.0000 0.0000 1144
14 14 30 1324.0000 0.0000 1144
14 14 40 1352.0000 0.0000 1144
14 14 50 1329.0000 0.0000 1144
14 15 00 1352.0000 0.0000 1144
14 15 10 1345.0000 0.0000 1144
14 15 20 1301.0000 0.0000 1144
14 15 30 1404.0000 0.0000 1144
14 15 40 1253.0000 0.0000 1144
14 15 50 1277.0000 0.0000 1144
14 16 00 1298.0000 0.0000 1144
14 16 10 1342.0000 0.0000 1144
14 16 20 1349.0000 0.0000 1144
14 16 30 1344.0000 0.0000 1144
14 16 40 1300.0000 0.0000 1144
14 16 50 1293.0000 0.0000 1144
14 17 00 1375.0000 0.0000 1144
14 17 10 1359.0000 0.0000 1144
14 17 20 1275.0000 0.0000 1144
14 17 30 1355.0000 0.0000 1144
14 17 40 1380.0000 1.0000 1144
14 17 50 1359.0000 0.0000 1144
14 18 00 1362.0000 0.0000 1144
14 18 10 1294.0000 0.0000 1144
14 18 20 1368.0000 1.0000 1144
14 18 30 1354.0000 0.0000 1144
14 18 40 1337.0000 0.0000 1144
14 18 50 1371.0000 0.0000 1144
14 19 00 1320.0000 0.0000 1144
14 19 10 1330.0000 0.0000 1144
14 19 20 1332.0000 0.0000 1144
14 19 30 1329.0000 0.0000 1144
14 19 40 1313.0000 0.0000 1144
14 19 50 1335.0000 0.0000 1144
14 20 00 1345.0000 0.0000 1144
14 20 10 1323.0000 0.0000 1144
14 20 20 1336.0000 0.0000 1144
14 20 30 1390.0000 0.0000 1144
14 20 40 1283.0000 0.0000 1144
14 20 50 1342.0000 0.0000 1144
14 21 00 1324.0000 0.0000 1144
14 21 10 1329.0000 0.0000 1144
14 21 20 1177.0000 0.0000 1144
14 21 30 1311.0000 0.0000 1144
14 21 40 1327.0000 0.0000 1144
14 21 50 1310.0000 0.0000 1144
14 22 00 1345.0000 0.0000 1144
14 22 10 1291.0000 0.0000 1144
14 22 20 1283.0000 0.0000 1144
14 22 30 1305.0000 0.0000 1144
14 22 40 1347.0000 0.0000 1144
14 22 50 1340.0000 0.0000 1144
14 23 00 1294.0000 0.0000 1144
14 23 10 1391.0000 0.0000 1144
14 23 20 1400.0000 0.0000 1144
14 23 30 1365.0000 0.0000 1144
14 23 40 1262.0000 0.0000 1144
14 23 50 1358.0000 1.0000 1144
14 24 00 1297.0000 0.0000 1144
14 24 10 1351.0000 0.0000 1144
14 24 20 1251.0000 0.0000 1144
14 24 30 1297.0000 0.0000 1144
14 24 40 1362.0000 0.0000 1144
14 24 50 1334.0000 0.0000 1144
14 25 00 1376.0000 0.0000 1144
14 25 10 1264.0000 0.0000 1144
14 25 21 1217.0000 0.0000 1144
14 25 31 1375.0000 0.0000 1144
14 25 41 1291.0000 0.0000 1144
14 25 51 1290.0000 0.0000 1144
14 26 01 1333.0000 0.0000 1144
14 26 11 1337.0000 0.0000 1144
14 26 21 1287.0000 0.0000 1144
14 26 31 1316.0000 0.0000 1144
14 26 41 1274.0000 0.0000 1144
14 26 51 1287.0000 0.0000 1144
14 27 01 1265.0000 0.0000 1144
14 27 11 1295.0000 0.0000 1144
14 27 21 1347.0000 0.0000 1144
14 27 31 1356.0000 0.0000 1144
14 27 41 1317.0000 0.0000 1144
14 27 51 1211.0000 0.0000 1144
14 28 01 1333.0000 0.0000 1144
14 28 11 1330.0000 0.0000 1144
14 28 21 1308.0000 0.0000 1144
14 28 31 1280.0000 0.0000 1144
14 28 41 1333.0000 0.0000 1144
14 28 51 1286.0000 0.0000 1144
14 29 01 1318.0000 0.0000 1144
14 29 11 1263.0000 1.0000 1144
14 29 21 1266.0000 0.0000 1144
14 29 31 1269.0000 0.0000 1144
14 29 41 1338.0000 0.0000 1144
14 29 51 1300.0000 1.0000 1144
14 30 01 1304.0000 0.0000 1144
14 30 11 1288.0000 0.0000 1144
14 30 21 1291.0000 0.0000 1144
14 30 31 1322.0000 0.0000 1144
14 30 41 1368.0000 0.0000 1144
14 30 51 1325.0000 0.0000 1144
14 31 01 1299.0000 0.0000 1144
14 31 11 1297.0000 0.0000 1144
14 31 21 1238.0000 0.0000 1144
14 31 31 1276.0000 0.0000 1144
14 31 41 1347.0000 0.0000 1144
14 31 51 1318.0000 0.0000 1144
14 32 01 1307.0000 0.0000 1144
14 32 11 1346.0000 0.0000 1144
14 32 21 1262.0000 0.0000 1144
14 32 31 1282.0000 0.0000 1144
14 32 41 1296.0000 0.0000 1144
14 32 51 1241.0000 0.0000 1144
14 33 01 1285.0000 0.0000 1144
14 33 11 1327.0000 0.0000 1144
14 33 21 1355.0000 1.0000 1144
14 33 31 1297.0000 0.0000 1144
14 33 41 1301.0000 0.0000 1144
14 33 51 1385.0000 0.0000 1144
14 34 01 1358.0000 0.0000 1144
14 34 11 1302.0000 0.0000 1144
14 34 21 1275.0000 0.0000 1144
14 34 31 1340.0000 0.0000 1144
14 34 41 1269.0000 0.0000 1144
14 34 51 1302.0000 0.0000 1144
14 35 01 1248.0000 0.0000 1144
14 35 11 1283.0000 0.0000 1144
14 35 21 1302.0000 0.0000 1144
14 35 31 1296.0000 0.0000 1144
14 35 41 1307.0000 0.0000 1144
14 35 51 1296.0000 0.0000 1144
14 36 01 1345.0000 0.0000 1144
14 36 11 1321.0000 0.0000 1144
14 36 21 1391.0000 0.0000 1144
14 36 31 1347.0000 0.0000 1144
14 36 41 1290.0000 0.0000 1144
14 36 51 1294.0000 0.0000 1144
14 37 01 1299.0000 0.0000 1144
14 37 11 1304.0000 0.0000 1144
14 37 21 1339.0000 0.0000 1144
14 37 31 1336.0000 0.0000 1144
14 37 41 1341.0000 0.0000 1144
14 37 51 1339.0000 0.0000 1144
14 38 01 1303.0000 0.0000 1144
14 38 11 1374.0000 0.0000 1144
14 38 21 1329.0000 0.0000 1144
14 38 31 1348.0000 0.0000 1144
14 38 41 1340.0000 0.0000 1144
14 38 51 1318.0000 0.0000 1144
14 39 01 1267.0000 0.0000 1144
14 39 11 1334.0000 0.0000 1144
14 39 21 1301.0000 0.0000 1144
14 39 31 1336.0000 0.0000 1144
14 39 41 1304.0000 0.0000 1144
14 39 51 1327.0000 0.0000 1144
14 40 01 1293.0000 0.0000 1144
14 40 11 1317.0000 0.0000 1144
14 40 21 1332.0000 0.0000 1144
14 40 31 1315.0000 0.0000 1144
14 40 41 1307.0000 0.0000 1144
14 40 51 1268.0000 0.0000 1144
14 41 01 1346.0000 0.0000 1144
14 41 11 1306.0000 0.0000 1144
14 41 21 1274.0000 0.0000 1144
14 41 31 1276.0000 0.0000 1144
14 41 41 1378.0000 0.0000 1144
14 41 51 1362.0000 0.0000 1144
14 42 01 1273.0000 0.0000 1144
14 42 11 1273.0000 0.0000 1144
14 42 21 1378.0000 0.0000 1144
14 42 31 1320.0000 0.0000 1144
14 42 41 1248.0000 0.0000 1144
14 42 51 1254.0000 0.0000 1144
14 43 01 1256.0000 0.0000 1144
14 43 11 1297.0000 0.0000 1144
14 43 21 1221.0000 0.0000 1144
14 43 31 1288.0000 0.0000 1144
14 43 41 1281.0000 0.0000 1144
14 43 51 1331.0000 0.0000 1144
14 44 01 1331.0000 0.0000 1144
14 44 11 1254.0000 0.0000 1144
14 44 21 1281.0000 0.0000 1144
14 44 31 1261.0000 0.0000 1144
14 44 41 1237.0000 0.0000 1144
14 44 51 1318.0000 0.0000 1144
14 45 01 1262.0000 0.0000 1144
14 45 11 1294.0000 0.0000 1144
14 45 22 1291.0000 0.0000 1144
14 45 32 1318.0000 0.0000 1144
14 45 42 1287.0000 0.0000 1144
14 45 52 1288.0000 0.0000 1144
14 46 02 1276.0000 0.0000 1144
14 46 12 1293.0000 0.0000 1144
14 46 22 1228.0000 0.0000 1144
14 46 32 1233.0000 0.0000 1144
14 46 42 1319.0000 0.0000 1144
14 46 52 1221.0000 0.0000 1144
14 47 02 1299.0000 0.0000 1144
14 47 12 1314.0000 0.0000 1144
14 47 22 1276.0000 0.0000 1144
14 47 32 1308.0000 0.0000 1144
14 47 42 1253.0000 0.0000 1144
14 47 52 1315.0000 0.0000 1144
14 48 02 1230.0000 0.0000 1144
14 48 12 1273.0000 0.0000 1144
14 48 22 1298.0000 0.0000 1144
14 48 32 1303.0000 0.0000 1144
14 48 42 1322.0000 0.0000 1144
14 48 52 1287.0000 0.0000 1144
14 49 02 1274.0000 0.0000 1144
14 49 12 1246.0000 0.0000 1144
14 49 22 1260.0000 0.0000 1144
14 49 32 1272.0000 0.0000 1144
14 49 42 1293.0000 0.0000 1144
14 49 52 1291.0000 0.0000 1144
14 50 02 1270.0000 0.0000 1144
14 50 12 1229.0000 0.0000 1144
14 50 22 1315.0000 0.0000 1144
14 50 32 1275.0000 0.0000 1144
14 50 42 1305.0000 1.0000 1144
14 50 52 1335.0000 0.0000 1144
14 51 02 1208.0000 0.0000 1144
14 51 12 1309.0000 0.0000 1144
14 51 22 1290.0000 0.0000 1144
14 51 32 1274.0000 0.0000 1144
14 51 42 1301.0000 1.0000 1144
14 51 52 1290.0000 0.0000 1144
14 52 02 1257.0000 0.0000 1144
14 52 12 1284.0000 0.0000 1144
14 52 22 1335.0000 0.0000 1144
14 52 32 1246.0000 0.0000 1144
14 52 42 1280.0000 0.0000 1144
14 52 52 1241.0000 0.0000 1144
14 53 02 1300.0000 1.0000 1144
14 53 12 1233.0000 0.0000 1144
14 53 22 1289.0000 0.0000 1144
14 53 32 1324.0000 0.0000 1144
14 53 42 1320.0000 0.0000 1144
14 53 52 1301.0000 0.0000 1144
14 54 02 1228.0000 0.0000 1144
14 54 12 1282.0000 0.0000 1144
14 54 22 1221.0000 0.0000 1144
14 54 32 1232.0000 1.0000 1144
14 54 42 1261.0000 0.0000 1144
14 54 52 1292.0000 0.0000 1144
14 55 02 1296.0000 0.0000 1144
14 55 12 1286.0000 0.0000 1144
14 55 22 1289.0000 0.0000 1144
14 55 32 1271.0000 0.0000 1144
14 55 42 1221.0000 0.0000 1144
14 55 52 1345.0000 0.0000 1144
14 56 02 1262.0000 0.0000 1144
14 56 12 1297.0000 0.0000 1144
14 56 22 1298.0000 0.0000 1144
14 56 32 1235.0000 0.0000 1144
14 56 42 1259.0000 0.0000 1144
14 56 52 1258.0000 0.0000 1144
14 57 02 1226.0000 0.0000 1144
14 57 12 1259.0000 0.0000 1144
14 57 22 1293.0000 0.0000 1144
14 57 32 1223.0000 0.0000 1144
14 57 42 1239.0000 0.0000 1144
14 57 52 1298.0000 0.0000 1144
14 58 02 1269.0000 0.0000 1144
14 58 12 1283.0000 0.0000 1144
14 58 22 1310.0000 1.0000 1144
14 58 32 1341.0000 0.0000 1144
14 58 42 1325.0000 0.0000 1144
14 58 52 1324.0000 0.0000 1144
14 59 02 1253.0000 0.0000 1144
14 59 12 1368.0000 0.0000 1144
14 59 22 1349.0000 0.0000 1144
14 59 32 1291.0000 0.0000 1144
14 59 42 1348.0000 0.0000 1144
14 59 52 1309.0000 0.0000 1144
15 00 02 1309.0000 0.0000 1144
15 00 12 1301.0000 0.0000 1144
15 00 22 1339.0000 0.0000 1144
15 00 32 1353.0000 0.0000 1144
15 00 42 1274.0000 0.0000 1144
15 00 52 1337.0000 0.0000 1144
15 01 02 1276.0000 0.0000 1144
15 01 12 1231.0000 0.0000 1144
15 01 22 1344.0000 0.0000 1144
15 01 32 1326.0000 0.0000 1144
15 01 42 1231.0000 0.0000 1144
15 01 52 1193.0000 0.0000 1144
15 02 02 1263.0000 0.0000 1144
15 02 12 1226.0000 0.0000 1144
15 02 22 1258.0000 0.0000 1144
15 02 32 1287.0000 0.0000 1144
15 02 42 1317.0000 0.0000 1144
15 02 52 1290.0000 0.0000 1144
15 03 02 1223.0000 0.0000 1144
15 03 12 1227.0000 0.0000 1144
15 03 22 1374.0000 0.0000 1144
15 03 32 1271.0000 0.0000 1144
15 03 42 1290.0000 0.0000 1144
15 03 52 1259.0000 0.0000 1144
15 04 02 1294.0000 0.0000 1144
15 04 12 1267.0000 0.0000 1144
15 04 22 1292.0000 0.0000 1144
15 04 32 1318.0000 0.0000 1144
15 04 42 1276.0000 0.0000 1144
15 04 52 1306.0000 0.0000 1144
15 05 03 1344.0000 0.0000 1144
15 05 13 1289.0000 0.0000 1144
15 05 23 1302.0000 0.0000 1144
15 05 33 1379.0000 0.0000 1144
15 05 43 1302.0000 0.0000 1144
15 05 53 1307.0000 0.0000 1144
15 06 03 1269.0000 0.0000 1144
15 06 13 1341.0000 0.0000 1144
15 06 23 1334.0000 0.0000 1144
15 06 33 1294.0000 0.0000 1144
15 06 43 1314.0000 0.0000 1144
15 06 53 1292.0000 0.0000 1144
15 07 03 1323.0000 0.0000 1144
15 07 13 1358.0000 0.0000 1144
15 07 23 1253.0000 0.0000 1144
15 07 33 1360.0000 0.0000 1144
15 07 43 1386.0000 0.0000 1144
15 07 53 1286.0000 0.0000 1144
15 08 03 1280.0000 0.0000 1144
15 08 13 1376.0000 0.0000 1144
15 08 23 1324.0000 0.0000 1144
15 08 33 1320.0000 0.0000 1144
15 08 43 1354.0000 0.0000 1144
15 08 53 1372.0000 0.0000 1144
15 09 03 1299.0000 0.0000 1144
15 09 13 1360.0000 0.0000 1144
15 09 23 1308.0000 0.0000 1144
15 09 33 1311.0000 0.0000 1144
15 09 43 1274.0000 0.0000 1144
15 09 53 1279.0000 0.0000 1144
15 10 03 1299.0000 0.0000 1144
15 10 13 1258.0000 0.0000 1144
15 10 23 1308.0000 0.0000 1144
15 10 33 1296.0000 0.0000 1144
15 10 43 1290.0000 0.0000 1144
15 10 53 1301.0000 0.0000 1144
15 11 03 1284.0000 0.0000 1144
15 11 13 1284.0000 1.0000 1144
15 11 23 1295.0000 0.0000 1144
15 11 33 1306.0000 0.0000 1144
15 11 43 1344.0000 0.0000 1144
15 11 53 1345.0000 0.0000 1144
15 12 03 1332.0000 0.0000 1144
15 12 13 1313.0000 0.0000 1144
15 12 23 1308.0000 0.0000 1144
15 12 33 1373.0000 0.0000 1144
15 12 43 1319.0000 0.0000 1144
15 12 53 1281.0000 0.0000 1144
15 13 03 1341.0000 0.0000 1144
15 13 13 1316.0000 0.0000 1144
15 13 23 1336.0000 0.0000 1144
15 13 33 1260.0000 0.0000 1144
15 13 43 1337.0000 1.0000 1144
15 13 53 1310.0000 0.0000 1144
15 14 03 1382.0000 0.0000 1144
15 14 13 1305.0000 0.0000 1144
15 14 23 1317.0000 0.0000 1144
15 14 33 1299.0000 0.0000 1144
15 14 43 1290.0000 0.0000 1144
15 14 53 1313.0000 0.0000 1144
15 15 03 1367.0000 0.0000 1144
15 15 13 1330.0000 0.0000 1144
15 15 23 1350.0000 0.0000 1144
15 15 33 1374.0000 0.0000 1144
15 15 43 1306.0000 0.0000 1144
15 15 53 1305.0000 0.0000 1144
15 16 03 1341.0000 0.0000 1144
15 16 13 1294.0000 0.0000 1144
15 16 23 1339.0000 0.0000 1144
15 16 33 1343.0000 0.0000 1144
15 16 43 1341.0000 0.0000 1144
15 16 53 1393.0000 0.0000 1144
15 17 03 1308.0000 0.0000 1144
15 17 13 1338.0000 0.0000 1144
15 17 23 1306.0000 0.0000 1144
15 17 33 1327.0000 0.0000 1144
15 17 43 1292.0000 0.0000 1144
15 17 53 1247.0000 0.0000 1144
15 18 03 1318.0000 0.0000 1144
15 18 13 1312.0000 0.0000 1144
15 18 23 1334.0000 0.0000 1144
15 18 33 1344.0000 0.0000 1144
15 18 43 1308.0000 0.0000 1144
15 18 53 1298.0000 0.0000 1144
15 19 03 1279.0000 0.0000 1144
15 19 13 1344.0000 0.0000 1144
15 19 23 1314.0000 0.0000 1144
15 19 33 1277.0000 0.0000 1144
15 19 43 1338.0000 0.0000 1144
15 19 53 1295.0000 0.0000 1144
15 20 03 1329.0000 0.0000 1144
15 20 13 1345.0000 0.0000 1144
15 20 23 1321.0000 0.0000 1144
15 20 33 1360.0000 0.0000 1144
15 20 43 1359.0000 0.0000 1144
15 20 53 1304.0000 0.0000 1144
15 21 03 1276.0000 0.0000 1144
15 21 13 1303.0000 0.0000 1144
15 21 23 1307.0000 0.0000 1144
15 21 33 1274.0000 0.0000 1144
15 21 43 1302.0000 0.0000 1144
15 21 53 1375.0000 0.0000 1144
15 22 03 1299.0000 0.0000 1144
15 22 13 1311.0000 0.0000 1144
15 22 23 1354.0000 0.0000 1144
15 22 33 1297.0000 0.0000 1144
15 22 43 1316.0000 0.0000 1144
15 22 53 1309.0000 0.0000 1144
15 23 03 1327.0000 0.0000 1144
15 23 13 1316.0000 0.0000 1144
15 23 23 1322.0000 0.0000 1144
15 23 33 1267.0000 0.0000 1144
15 23 43 1303.0000 0.0000 1144
15 23 53 1381.0000 0.0000 1144
15 24 03 1297.0000 0.0000 1144
15 24 13 1280.0000 0.0000 1144
15 24 23 1312.0000 0.0000 1144
15 24 33 1291.0000 0.0000 1144