10 04 57 415 367 377 503 438 280 367 401 288 188 261 310 419 409 255 382 
10 05 57 684 565 563 744 785 461 602 664 477 333 418 508 600 597 393 596 
10 06 57 704 586 577 719 763 454 562 679 446 290 434 498 560 579 438 561 
10 07 57 706 604 557 784 791 443 515 692 447 329 468 432 640 606 413 569 
10 08 57 728 624 538 722 773 453 559 655 443 329 463 471 587 625 386 606 
10 09 57 728 612 558 776 778 459 572 612 490 303 429 456 618 569 403 581 
10 10 57 671 606 573 752 715 455 594 677 425 305 433 460 601 636 440 579 
10 11 57 663 628 602 737 749 464 585 615 455 323 436 473 610 636 387 576 
10 12 57 666 604 566 696 739 430 538 657 450 323 420 467 614 568 418 540 
10 13 57 718 588 531 774 735 470 565 611 404 316 441 485 633 565 392 640 
10 14 58 747 574 595 822 778 491 552 638 438 314 450 481 622 586 436 584 
10 15 58 677 591 547 721 758 472 563 626 428 303 427 503 651 585 460 608 
10 16 58 687 629 562 728 782 473 563 668 430 308 456 500 626 603 447 559 
10 17 58 714 582 532 708 724 447 604 654 449 346 437 525 630 593 436 611 
10 18 58 730 601 544 714 774 455 517 670 435 336 467 466 590 631 381 623 
10 19 58 684 596 586 714 717 440 488 656 439 342 426 490 604 608 412 568 
10 20 58 669 617 533 769 706 469 500 623 440 301 422 459 637 567 437 559 
10 21 58 677 610 564 717 739 453 483 624 439 312 432 500 566 530 391 612 
10 22 58 663 560 559 747 735 423 513 618 446 293 464 503 571 599 371 587 
10 23 58 705 596 573 702 734 497 546 678 441 290 418 500 636 584 436 582 
10 24 58 715 589 586 709 739 441 605 603 458 314 468 505 608 583 407 529 
10 25 58 657 629 551 752 758 467 538 684 452 308 428 491 618 584 439 577 
10 26 58 717 575 578 767 759 437 514 597 465 311 451 473 606 609 404 528 
10 27 58 694 599 571 750 763 474 491 598 399 294 445 475 614 602 413 555 
10 28 58 707 586 605 741 725 442 519 643 390 343 405 488 601 550 440 605 
10 29 58 672 593 591 724 839 466 534 634 410 318 436 496 637 609 406 606 
10 30 58 691 600 545 738 723 425 530 624 447 326 410 471 616 549 403 582 
10 31 58 680 601 573 735 764 478 509 616 465 332 443 463 583 577 424 532 
10 32 58 662 626 576 737 745 487 496 645 470 321 442 508 650 617 444 610 
10 33 58 694 577 551 781 748 480 544 653 461 317 428 487 626 561 387 533 
10 34 58 678 596 572 703 745 424 572 649 403 307 414 504 640 591 372 591 
10 35 58 674 576 565 707 729 463 521 617 433 318 441 474 569 577 414 592 
10 36 58 719 593 550 738 743 400 532 645 449 322 511 474 536 562 370 582 
10 37 58 682 600 560 789 771 417 570 618 459 300 440 451 574 573 421 583 
10 38 58 691 621 560 757 783 439 544 634 426 346 430 497 608 572 430 608 
10 39 58 702 615 525 674 771 462 538 560 433 332 453 456 603 623 434 592 
10 40 58 724 644 576 784 793 456 522 619 430 321 414 486 578 531 420 616 
10 41 58 703 572 571 740 719 431 566 616 425 330 431 438 604 557 377 601 
10 42 58 694 632 518 760 785 428 563 650 431 314 441 507 625 597 399 562 
10 43 58 725 644 578 692 738 487 530 652 440 293 448 454 634 582 381 606 
10 44 58 714 548 518 705 736 480 504 640 407 305 452 463 644 547 469 571 
10 45 58 710 604 549 727 788 424 541 617 422 295 456 491 637 577 420 581 
10 46 58 670 635 567 763 769 448 567 684 434 345 481 485 605 599 417 574 
10 47 58 687 572 558 726 732 422 549 615 438 336 442 468 597 559 433 593 
10 48 58 690 589 569 776 758 423 572 636 466 306 459 457 633 617 435 559 
10 49 58 679 673 537 704 753 413 574 601 440 295 437 505 634 609 440 514 
10 50 58 724 599 560 739 736 441 540 641 441 332 416 494 611 605 370 576 
10 51 58 698 578 536 782 727 445 576 677 426 313 436 459 601 605 424 556 
10 52 58 685 598 551 739 755 447 577 624 438 292 457 465 636 625 441 562 
10 53 58 688 640 541 706 767 427 535 648 429 279 448 479 607 567 430 571 
10 54 58 671 608 529 741 738 482 564 614 455 319 383 464 651 571 431 605 
10 55 58 680 605 572 733 780 459 569 614 420 295 422 514 606 574 393 548 
10 56 58 679 619 575 717 756 419 538 620 443 302 436 462 619 621 412 567 
10 57 58 675 609 584 690 686 470 567 663 423 324 422 496 640 633 434 579 
10 58 58 675 599 531 734 743 457 582 665 437 301 424 473 624 602 420 584 
10 59 58 687 613 601 768 745 455 532 621 442 310 432 476 626 580 392 553 
11 00 58 691 616 569 704 754 439 512 605 432 340 447 472 633 568 447 590 
11 01 58 655 574 554 733 712 438 546 634 442 317 409 481 607 619 391 552 
11 02 58 640 585 565 746 816 451 547 567 435 338 419 471 611 547 399 594 
11 03 58 714 607 571 760 735 423 515 629 456 316 428 479 627 546 438 556 
11 04 58 681 560 615 729 743 451 555 601 414 314 424 469 632 575 415 579 
11 05 58 734 601 507 705 750 443 561 593 448 322 410 489 596 587 444 567 
11 06 58 737 577 570 738 768 467 529 618 397 295 445 503 614 562 389 589 
11 07 58 663 629 558 702 807 477 524 682 480 324 432 440 590 589 408 603 
11 08 58 721 604 560 731 740 443 583 645 450 301 437 514 633 531 421 601 
11 09 58 656 612 536 734 769 419 604 641 433 335 414 450 651 525 408 569 
11 10 58 717 607 565 750 740 443 580 607 451 284 395 489 596 591 397 545 
11 11 58 735 590 536 700 745 431 564 661 473 334 460 505 625 594 431 555 
11 12 58 698 607 537 745 770 446 532 624 462 312 411 457 616 584 442 566 
11 13 58 681 562 509 725 737 419 540 616 451 338 420 464 615 589 425 592 
11 14 58 652 584 568 693 718 423 584 633 411 298 457 495 618 536 443 575 
11 15 58 697 640 597 728 745 440 541 612 453 290 431 437 574 613 419 554 
11 16 58 690 604 600 776 745 482 572 594 469 318 422 482 624 599 406 573 
11 17 58 732 554 524 739 760 475 578 634 413 337 443 480 632 615 413 548 
11 18 58 662 578 569 746 754 432 537 647 428 314 433 447 613 583 432 577 
11 19 58 649 552 579 767 757 459 593 645 425 310 402 485 604 566 398 562 
11 20 58 666 616 565 707 794 474 588 617 426 339 428 468 628 557 402 590 
11 21 58 713 556 535 682 738 407 519 618 433 317 418 419 615 571 407 607 
11 22 58 697 551 569 730 721 461 594 607 405 310 413 473 597 598 427 565 
11 23 58 706 590 536 755 732 442 522 635 422 316 462 460 602 549 451 621 
11 24 58 661 565 564 758 730 444 560 643 426 289 432 475 633 566 411 528 
11 25 58 697 622 539 792 736 460 520 641 435 288 448 450 633 557 416 611 
11 26 58 685 628 557 779 741 437 566 620 434 303 474 474 595 580 418 622 
11 27 58 704 604 582 777 767 452 577 634 419 313 441 460 613 539 421 614 
11 28 59 704 548 512 717 759 445 541 631 405 349 465 442 607 604 382 565 
11 29 59 692 603 552 707 761 448 612 668 446 303 396 452 575 584 404 588 
11 30 59 685 570 558 703 770 429 560 652 450 323 412 469 613 562 388 586 
11 31 59 665 622 534 718 751 475 528 603 428 287 446 484 654 575 393 580 
11 32 59 661 562 557 731 760 407 546 621 411 313 442 510 614 568 420 589 
11 33 59 677 581 526 730 728 452 534 618 436 310 469 470 648 568 425 530 
11 34 59 647 650 559 806 776 433 589 620 412 285 461 438 596 559 380 547 
11 35 59 694 566 524 763 708 403 567 620 448 298 400 451 615 600 405 589 
11 36 59 685 622 561 735 803 421 604 614 421 322 428 425 618 629 411 601 
11 37 59 699 602 508 742 734 460 553 647 447 311 458 471 607 586 439 597 
11 38 59 674 604 537 672 765 420 623 627 388 339 438 476 600 578 405 569 
11 39 59 675 584 551 735 748 471 540 654 440 321 425 442 560 539 406 607 
11 40 59 695 551 535 732 761 406 526 613 425 318 430 482 632 561 401 609 
11 41 59 739 556 563 730 761 396 550 587 453 319 419 450 636 568 396 623 
11 42 59 675 584 590 714 744 433 525 640 417 326 445 455 604 553 390 557 
11 43 59 660 617 604 771 739 485 592 630 377 317 442 463 581 589 385 561 
11 44 59 637 590 546 702 770 429 572 555 471 338 398 452 629 605 398 569 
11 45 59 716 602 565 750 728 437 599 634 451 328 423 453 618 564 371 602 
11 46 59 679 556 584 721 745 424 561 646 429 323 398 524 615 580 367 587 
11 47 59 680 602 571 700 762 420 553 623 419 321 433 442 551 590 423 604 
11 48 59 660 611 528 740 708 457 584 672 412 294 417 449 585 579 396 548 
11 49 59 716 594 553 735 813 414 615 613 460 320 404 504 597 549 415 626 
11 50 59 644 588 524 733 769 445 563 662 419 330 445 450 588 623 426 596 
11 51 59 672 594 530 750 757 441 550 579 426 312 428 452 565 542 437 585 
11 52 59 694 580 543 756 754 403 572 623 392 331 407 470 626 556 418 567 
11 53 59 633 572 501 725 786 416 545 589 455 310 384 449 603 599 400 563 
11 54 59 658 640 550 742 767 416 576 645 404 277 398 513 619 548 436 536 
11 55 59 762 615 553 692 766 455 554 623 403 329 424 462 599 587 368 584 
11 56 59 728 585 544 713 746 459 581 605 441 309 433 471 608 621 393 594 
11 57 59 649 571 535 723 791 463 574 648 436 309 380 452 577 599 396 591 
11 58 59 675 581 559 719 822 439 576 674 427 332 445 456 645 589 417 601 
11 59 59 675 573 526 746 790 420 590 680 414 337 419 457 643 592 434 583 
12 00 59 706 606 558 704 826 431 577 646 420 317 445 413 644 572 405 555 
12 01 59 683 597 598 742 794 452 540 615 435 314 433 495 610 552 426 533 
12 02 59 658 586 545 733 814 439 622 607 444 322 393 455 632 612 412 567 
12 03 59 670 620 529 732 793 425 561 644 417 343 429 470 604 570 408 586 
12 04 59 701 552 606 751 825 395 571 610 420 320 450 438 650 549 381 577 
12 05 59 681 611 501 720 778 434 622 653 397 327 428 456 611 588 437 556 
12 06 59 686 565 563 751 721 408 590 585 442 312 423 452 640 571 375 562 
12 07 59 672 572 551 711 740 423 526 659 426 309 416 449 603 575 412 548 
12 08 59 668 606 576 717 708 400 564 638 412 286 421 487 605 579 401 595 
12 09 59 651 590 518 724 789 467 581 624 400 317 423 452 619 546 421 561 
12 10 59 711 630 514 684 772 404 530 655 411 325 423 428 601 563 385 550 
12 11 59 631 564 556 649 730 430 532 683 396 325 437 466 615 574 402 535 
12 12 59 708 582 587 704 817 474 569 606 401 294 393 432 601 574 427 547 
12 13 59 702 594 524 712 781 438 572 647 446 310 413 442 618 522 423 588 
12 14 59 688 613 517 676 737 429 535 614 392 345 463 437 621 577 402 573 
12 15 59 651 592 484 680 769 449 546 625 447 343 400 415 626 538 402 593 
12 16 59 710 563 524 717 749 417 521 625 404 299 416 488 584 573 400 571 
12 17 59 665 621 555 732 758 396 550 632 395 290 414 475 583 535 408 531 
12 18 59 700 549 508 721 744 434 619 619 419 306 411 457 572 532 390 609 
12 19 59 706 563 531 725 798 419 553 618 413 286 414 487 622 598 405 569 
12 20 59 647 613 543 729 758 444 535 611 417 328 411 468 575 507 402 585 
12 21 59 669 556 585 684 790 475 535 672 455 303 414 457 612 573 407 582 
12 22 59 671 590 535 736 781 393 519 653 446 324 419 447 570 526 372 544 
12 23 59 659 577 563 667 824 415 537 618 392 308 412 488 602 581 413 534 
12 24 59 667 610 511 686 785 441 517 611 386 263 431 460 577 569 401 571 
12 25 59 666 573 524 730 764 439 565 638 412 300 416 450 634 552 358 581 
12 26 59 660 535 568 692 745 442 487 651 439 310 414 517 628 527 404 585 
12 27 59 638 573 567 688 800 406 537 634 448 312 391 464 582 563 393 580 
12 28 59 672 567 570 770 812 453 506 621 374 307 418 445 566 594 384 563 
12 29 59 652 614 525 688 738 429 493 620 412 300 393 397 582 581 397 527 
12 30 59 663 587 488 701 774 407 549 572 436 304 418 474 635 563 384 562 
12 31 59 733 565 567 734 752 413 519 629 423 304 430 445 599 575 376 581 
12 32 59 680 578 538 748 742 408 535 629 405 308 408 475 603 552 393 592 
12 33 59 651 568 547 736 757 414 456 645 405 310 408 468 603 573 404 587 
12 34 59 642 552 513 732 788 424 509 561 436 335 421 452 583 563 420 557 
12 35 59 679 582 496 679 725 407 542 655 427 324 412 470 575 552 374 584 
12 36 59 664 524 529 727 771 454 542 626 445 283 424 500 598 546 372 599 
12 37 59 654 575 533 659 771 419 485 679 435 309 407 420 542 567 417 561 
12 38 59 645 545 537 703 710 400 510 645 402 310 421 488 618 557 411 598 
12 39 59 697 603 553 706 705 440 561 680 442 262 404 478 567 568 408 549 
12 40 59 669 581 532 657 731 428 589 584 408 320 437 464 574 552 403 536 
12 41 59 676 551 491 704 774 387 530 624 410 323 427 496 545 597 425 519 
12 43 00 681 568 551 699 790 407 504 576 391 303 405 440 559 586 391 565 
12 44 00 651 570 520 718 784 446 560 625 425 315 419 452 626 595 381 555 
12 45 00 697 553 519 693 708 405 517 627 421 301 415 439 593 555 380 580 
12 46 00 667 595 537 733 768 402 550 633 403 293 381 467 606 558 386 583 
12 47 00 694 532 518 687 736 410 495 658 414 298 423 489 588 548 416 559 
12 48 00 647 598 527 666 711 406 521 598 426 308 416 455 596 536 383 584 
12 49 00 710 566 519 714 746 415 543 617 420 313 369 442 589 524 419 552 
12 50 00 633 549 548 685 750 415 554 622 431 281 416 468 598 569 404 579 
12 51 00 648 568 481 678 767 446 531 614 399 315 392 455 628 567 384 581 
12 52 00 658 611 510 732 704 407 511 627 398 286 404 425 598 583 383 561 
12 53 00 618 543 523 676 710 401 504 627 399 262 412 425 556 549 380 586 
12 54 00 667 594 537 660 738 417 501 635 421 284 400 492 592 543 384 560 
12 55 00 616 530 509 698 732 404 544 590 400 297 411 466 590 555 391 578 
12 56 00 628 570 539 727 747 448 547 612 412 312 407 443 622 509 392 561 
12 57 00 626 543 533 671 752 418 486 604 376 313 405 461 568 566 390 587 
12 58 00 650 576 512 741 786 430 512 640 400 322 411 453 588 572 385 578 
12 59 00 667 545 483 729 763 403 495 626 337 306 374 435 616 541 395 575 
13 00 00 677 558 526 652 743 401 540 607 393 292 406 460 585 556 403 580 
13 01 00 674 569 484 698 768 431 534 622 429 297 389 421 596 546 373 561 
13 02 00 660 576 512 705 738 450 546 599 411 289 379 424 608 589 347 580 
13 03 00 685 593 528 683 698 402 524 607 397 308 417 456 539 545 412 574 
13 04 00 655 597 526 621 763 440 520 648 376 313 405 460 608 600 374 561 
13 05 00 651 603 542 713 797 426 509 622 358 311 434 440 637 556 368 566 
13 06 00 674 591 495 712 739 424 514 607 403 309 407 428 579 537 400 542 
13 07 00 690 559 494 726 743 372 548 624 391 298 394 406 541 531 361 531 
13 08 00 676 531 541 692 725 446 524 590 391 263 431 394 590 584 405 512 
13 09 00 611 573 464 733 700 426 520 630 418 287 426 428 592 531 392 529 
13 10 00 696 585 503 673 734 397 532 592 384 296 402 436 529 554 400 516 
13 11 00 672 586 527 669 697 404 547 614 422 246 407 435 570 550 351 576 
13 12 00 664 537 491 678 745 386 530 622 387 307 399 470 601 588 346 554 
13 13 00 670 552 498 731 729 440 541 613 398 294 375 462 582 584 387 604 
13 14 00 648 556 509 698 747 404 514 652 411 300 405 438 530 516 414 541 
13 15 00 647 564 543 653 721 439 604 607 426 312 400 444 612 544 425 543 
13 16 00 674 595 513 687 724 381 497 564 403 226 454 422 635 574 402 539 
13 17 00 668 542 496 699 748 409 530 591 355 282 401 500 577 539 346 552 
13 18 00 664 556 564 660 734 419 550 588 414 319 392 410 585 561 381 550 
13 19 00 621 565 512 702 738 414 454 609 391 279 398 434 613 547 382 597 
13 20 00 653 572 515 730 753 402 488 591 353 345 392 441 554 544 376 562 
13 21 00 708 582 487 728 668 393 498 587 383 281 425 435 561 541 385 558 
13 22 00 690 581 514 690 691 393 513 643 390 272 364 427 598 524 391 526 
13 23 00 686 568 534 703 729 388 547 566 397 287 376 444 604 593 418 558 
13 24 00 645 603 499 682 687 429 504 611 398 280 376 417 559 553 392 571 
13 25 00 701 592 492 671 736 448 515 649 407 297 357 410 573 530 356 565 
13 26 00 682 591 541 649 707 418 510 629 400 282 441 434 612 551 378 571 
13 27 00 626 543 538 675 752 420 532 593 380 322 396 442 625 528 424 519 
13 28 00 645 579 462 698 713 414 504 614 386 279 377 421 561 525 375 544 
13 29 00 641 577 512 735 673 416 506 585 400 272 387 450 602 585 372 597 
13 30 00 630 524 521 718 676 372 526 559 378 322 413 430 553 560 421 592 
13 31 00 611 522 491 658 749 398 529 603 432 265 421 400 602 560 390 584 
13 32 00 666 526 529 702 748 419 508 636 425 261 379 443 552 522 418 558 
13 33 00 648 519 462 660 772 394 488 617 392 314 405 423 562 535 403 564 
13 34 00 694 569 519 666 723 376 494 615 364 288 358 438 576 560 347 545 
13 35 00 636 592 499 688 712 399 513 630 415 269 390 458 554 543 372 522 
13 36 00 668 553 503 719 729 391 573 602 372 317 429 423 600 531 387 557 
13 37 00 641 517 562 702 689 419 508 630 408 270 403 428 586 526 397 526 
13 38 00 692 542 532 700 716 422 534 618 385 298 373 435 577 566 407 521 
13 39 00 632 515 486 687 672 378 501 610 380 293 372 396 594 576 374 516 
13 40 00 673 516 507 702 691 419 523 576 394 285 394 427 609 564 396 539 
13 41 00 616 582 509 659 688 397 503 631 398 282 379 433 562 549 398 497 
13 42 00 617 565 530 721 737 386 542 583 385 290 413 417 555 498 374 531 
13 43 00 655 536 479 733 739 410 489 621 399 268 414 448 577 534 398 520 
13 44 00 636 554 457 688 702 419 503 605 378 262 383 416 549 573 376 553 
13 45 00 640 522 503 736 718 396 510 590 339 281 363 469 587 544 412 573 
13 46 00 639 566 560 674 675 421 486 583 362 310 404 463 507 538 386 586 
13 47 00 667 577 524 706 719 405 479 612 392 271 411 433 562 539 419 527 
13 48 00 644 546 497 733 630 422 447 627 379 273 373 445 575 531 420 590 
13 49 00 669 566 525 665 712 417 483 589 380 284 404 426 590 576 353 530 
13 50 00 646 516 486 719 717 391 508 586 397 298 380 431 597 517 374 516 
13 51 00 661 553 498 691 655 385 479 605 407 278 400 450 555 580 389 512 
13 52 00 623 550 497 686 717 382 531 569 389 273 414 425 565 496 359 542 
13 53 00 645 488 489 688 725 400 490 604 369 303 351 435 558 544 394 540 
13 54 00 641 578 517 689 669 405 507 622 385 296 402 476 556 549 373 562 
13 55 00 678 542 490 720 727 396 471 626 373 297 409 424 543 542 384 554 
13 56 01 628 518 498 697 753 387 519 630 400 294 398 443 573 553 399 540 
13 57 01 653 566 510 653 706 427 516 607 380 280 401 430 583 565 360 557 
13 58 01 631 492 534 662 725 405 453 601 418 286 406 434 575 546 359 503 
13 59 01 657 545 509 690 730 398 478 620 374 292 403 387 555 585 391 571 
14 00 01 611 581 529 633 730 435 481 608 389 245 368 440 607 537 335 570 
14 01 01 652 556 534 674 725 410 506 617 359 250 413 416 580 532 382 537 
14 02 01 667 568 469 693 700 409 477 619 342 271 401 435 569 527 362 523 
14 03 01 614 550 514 665 719 453 462 600 416 292 352 420 557 564 381 521 
14 04 01 684 531 519 687 717 394 447 608 388 282 375 398 590 531 385 570 
14 05 01 651 554 471 689 683 404 470 580 388 296 385 379 610 543 355 537 
14 06 01 637 538 492 708 668 374 497 578 346 269 398 417 550 565 403 481 
14 07 01 642 553 488 698 754 408 459 622 345 237 429 472 553 551 414 547 
14 08 01 634 554 526 660 716 394 458 601 403 292 400 437 613 534 375 543 
14 09 01 635 530 499 688 764 411 474 585 382 273 397 402 536 513 365 535 
14 10 01 677 538 524 713 725 383 485 626 375 262 438 400 600 508 382 532 
14 11 01 631 564 496 680 752 411 434 610 365 262 372 391 571 495 403 543 
14 12 01 620 559 503 712 688 431 446 632 370 245 371 425 579 509 362 486 
14 13 01 628 500 495 686 634 407 402 610 375 290 385 411 542 530 419 516 
14 14 01 681 548 497 719 662 426 386 558 366 272 396 447 589 535 401 547 
14 15 01 607 564 540 705 702 380 407 613 410 307 395 421 589 564 374 523 
14 16 01 619 568 489 698 696 381 379 576 387 291 405 417 571 537 360 496 
14 17 01 668 529 502 650 721 414 376 603 379 260 401 418 567 568 372 544 
14 18 01 614 533 532 685 731 435 349 587 415 283 377 440 614 535 369 558 
14 19 01 623 588 506 713 753 424 376 545 407 263 397 404 556 525 406 549 
14 20 01 655 577 524 668 702 401 420 599 360 278 364 423 565 520 379 550 
14 21 01 637 578 468 684 732 413 371 606 376 276 421 422 576 548 388 495 
14 22 01 640 538 472 661 675 386 374 575 366 269 366 404 557 604 365 511 
14 23 01 620 521 524 618 695 402 387 587 383 252 380 458 570 594 364 516 
14 24 01 623 544 518 671 706 390 372 632 423 304 405 413 573 516 391 590 
14 25 01 624 533 474 677 711 399 383 606 397 288 392 446 556 555 405 510 
14 26 01 644 523 508 683 685 401 377 575 380 248 350 396 579 532 344 540 
14 27 01 632 517 485 657 699 374 347 586 396 279 347 387 570 552 382 536 
14 28 01 627 514 501 661 707 396 372 599 398 293 369 432 562 532 400 494 
14 29 01 652 536 522 701 690 391 368 618 369 256 405 405 553 484 377 509 
14 30 01 656 577 449 667 708 398 313 580 354 280 372 442 537 535 368 482 
14 31 01 605 558 521 727 661 393 323 573 405 308 400 402 560 526 383 548 
14 32 01 610 538 463 685 706 362 297 586 379 303 381 448 565 529 384 537 
14 33 01 605 523 519 657 745 378 305 551 359 242 388 384 577 570 362 534 
14 34 01 692 560 531 690 709 407 330 611 389 253 343 418 617 505 395 564 
14 35 01 616 543 486 617 722 368 308 563 369 278 381 446 567 545 388 518 
14 36 01 629 485 523 723 694 379 297 567 365 279 365 445 618 528 415 509 
14 37 01 674 581 510 622 754 410 334 587 396 301 398 427 549 505 373 517 
14 38 01 642 536 523 701 691 354 407 614 347 294 434 428 560 527 375 515 
14 39 01 643 586 498 693 694 386 407 641 357 269 380 403 570 524 388 530 
14 40 01 659 538 500 675 713 391 388 549 386 259 403 419 532 547 413 509 
14 41 01 615 531 486 683 702 414 399 596 359 263 385 430 598 508 394 508 
14 42 01 630 546 455 734 663 391 440 597 360 298 381 413 542 533 376 515 
14 43 01 610 534 501 623 672 414 369 603 361 268 369 435 563 543 370 485 
14 44 01 641 539 472 689 637 395 323 594 343 272 378 389 589 527 391 548 
14 45 01 640 492 474 613 670 387 348 619 347 279 401 372 538 561 362 494 
14 46 01 653 529 509 638 668 383 359 574 360 300 374 441 555 524 370 511 
14 47 01 647 514 504 631 644 401 321 609 382 269 363 400 553 473 373 500 
14 48 01 608 543 502 637 636 427 287 592 366 261 367 440 593 555 373 499 
14 49 01 643 550 519 675 711 383 249 564 379 283 354 453 572 524 345 530 
14 50 01 648 508 530 641 687 384 204 577 383 264 397 417 578 512 389 513 
14 51 01 627 571 474 625 760 379 205 602 372 255 406 383 577 532 371 522 
14 52 01 658 559 499 657 725 370 211 574 351 264 412 424 583 518 360 547 
14 53 01 617 596 499 666 685 405 193 586 377 286 374 417 549 554 364 506 
14 54 01 606 551 525 705 635 403 224 596 388 275 372 413 555 529 365 552 
14 55 01 670 513 487 694 661 405 207 597 346 265 394 426 550 502 330 500 
14 56 01 615 549 496 673 702 377 221 644 360 245 397 383 569 535 385 522 
14 57 01 624 533 498 668 694 371 256 586 342 259 390 384 542 530 363 511 
14 58 01 641 569 495 659 671 405 246 554 363 263 376 380 526 552 352 526 
14 59 01 610 494 493 662 661 422 404 625 396 301 361 411 553 568 347 496 
15 00 01 645 542 474 625 725 420 440 587 374 276 401 417 574 561 393 521 
15 01 01 623 533 470 640 704 381 408 594 402 284 408 417 560 547 367 538 
15 02 01 615 536 491 662 686 370 392 540 348 229 374 368 564 494 372 523 
15 03 01 605 506 452 646 640 376 428 612 291 251 376 387 595 552 358 539 
15 04 01 628 536 513 659 640 370 404 597 339 258 389 404 585 509 350 526 
15 05 01 625 544 513 695 616 367 440 594 359 261 424 399 538 524 357 528 
15 06 01 640 556 517 648 652 367 470 583 399 237 378 389 558 531 381 513 
15 07 01 638 543 501 652 667 410 487 590 380 268 366 430 554 535 352 513 
15 08 01 634 507 476 698 702 382 487 563 398 279 376 389 553 573 382 535 
15 09 01 681 568 527 666 704 340 498 572 348 266 408 402 577 530 386 543 
15 10 02 616 531 506 700 674 356 497 575 356 274 382 416 581 491 353 506 
15 11 02 619 504 485 719 658 360 485 549 359 285 351 395 561 518 382 507 
15 12 02 633 535 486 662 682 371 491 599 358 262 404 411 567 504 391 531 
15 13 02 701 552 457 672 683 388 480 590 384 247 380 414 544 528 355 542 
15 14 02 653 533 483 618 713 432 526 579 383 270 377 407 570 518 372 500 
15 15 02 629 560 512 657 675 369 501 566 389 244 395 402 549 529 366 521 
15 16 02 677 539 515 675 678 420 478 606 343 256 401 415 590 502 400 507 
15 17 02 663 584 510 689 667 388 474 600 364 273 390 423 553 525 380 530 
15 18 02 604 532 511 678 685 372 516 573 391 238 365 401 565 487 371 537 
15 19 02 652 516 490 684 717 383 511 565 386 284 374 387 547 472 381 518 
15 20 02 613 556 538 642 708 393 504 601 351 272 352 370 613 485 324 548 
15 21 02 691 538 506 677 684 401 508 586 344 276 395 396 560 485 387 531 
15 22 02 600 512 499 666 648 400 509 584 378 242 394 397 600 523 354 530 
15 23 02 655 542 543 688 687 394 471 604 365 257 380 415 515 527 349 520 
15 24 02 657 509 483 628 693 399 509 607 379 271 378 435 542 505 376 516 
15 25 02 601 499 479 649 686 377 492 570 375 279 396 393 544 508 371 529 
15 26 02 648 574 467 674 700 376 470 534 376 312 397 410 592 543 343 540 
15 27 02 705 522 513 676 711 360 481 610 351 229 400 409 531 519 322 515 
15 28 02 666 506 498 688 649 357 515 567 343 273 372 395 577 506 364 513 
15 29 02 622 562 532 652 684 379 481 559 376 283 404 376 533 498 374 586 
15 30 02 629 517 503 684 639 412 467 576 385 248 399 402 557 561 372 544 
15 31 02 612 531 501 680 652 417 530 572 381 259 357 436 562 531 384 497 
15 32 02 638 552 520 673 669 413 469 568 358 273 402 409 554 503 349 545 
15 33 02 597 523 522 638 663 383 503 557 367 246 403 388 508 529 358 514 
15 34 02 607 510 509 656 673 364 489 591 359 240 368 404 566 492 342 492 
15 35 02 605 531 492 645 759 414 513 576 366 266 388 413 562 539 387 557 
15 36 02 612 523 509 644 686 401 464 564 330 264 355 419 507 506 401 551 
15 37 02 609 562 497 672 678 379 475 592 388 274 348 419 558 514 355 510 
15 38 02 665 518 521 667 681 371 481 593 387 255 424 372 569 540 332 538 
15 39 02 627 492 483 674 641 392 477 550 382 273 385 429 570 499 402 521 
15 40 02 619 576 477 625 652 422 485 603 350 261 357 370 572 501 364 543 
15 41 02 663 535 511 671 641 380 453 580 379 275 372 420 593 543 366 483 
15 42 02 601 521 475 622 665 405 476 569 331 269 390 396 607 548 346 515 
15 43 02 643 547 452 688 695 376 477 604 348 268 359 414 548 520 387 522 
15 44 02 647 556 496 676 681 399 515 557 371 252 383 411 563 512 330 539 
15 45 02 663 464 487 681 670 358 489 612 367 259 370 429 531 482 379 530 
15 46 02 580 510 483 676 664 384 486 574 379 263 369 403 606 525 363 507 
15 47 02 612 553 481 683 730 418 512 614 374 245 406 394 537 536 366 524 
15 48 02 670 528 498 682 693 402 471 574 339 275 381 402 563 548 351 509 
15 49 02 625 518 485 641 656 370 463 571 338 256 365 390 560 519 336 523 
15 50 02 629 527 489 603 693 386 478 610 395 252 397 404 582 525 390 530 
15 51 02 594 546 496 650 727 391 455 560 355 292 425 376 566 514 362 511 
15 52 02 632 516 486 717 710 376 498 575 370 290 356 403 532 529 359 523 
15 53 02 613 530 494 667 647 391 483 548 356 251 375 406 541 489 379 488 
15 54 02 611 551 446 674 715 392 507 570 368 248 352 417 573 499 393 520 
15 55 02 652 511 494 644 677 379 489 592 371 241 353 402 578 538 356 512 
15 56 02 678 547 474 669 661 363 473 576 387 273 359 411 539 506 355 535 
15 57 02 589 505 496 680 627 380 443 602 347 247 373 403 521 549 334 537 
15 58 02 585 495 477 675 645 393 492 593 364 258 352 384 531 569 391 516 
15 59 02 654 507 498 644 610 406 486 624 352 259 374 399 530 495 356 540 
16 00 02 659 514 491 644 687 375 501 578 364 272 370 424 588 552 365 460 
16 01 02 656 550 511 652 651 437 470 567 355 259 384 375 559 565 379 493 
16 02 02 582 532 493 611 625 366 516 587 357 262 343 389 584 492 336 490 
16 03 02 627 549 502 660 626 398 464 561 356 270 397 429 567 514 371 498 
16 04 02 639 506 454 620 629 387 469 547 366 250 398 383 571 528 364 522 
16 05 02 595 564 504 674 648 372 488 542 349 257 370 359 555 484 380 500 
16 06 02 616 525 478 625 639 421 510 567 364 254 377 387 546 553 358 500 
16 07 02 646 523 502 644 664 389 457 559 371 262 362 408 534 519 357 543 
16 08 02 546 521 519 674 626 380 463 542 334 273 373 388 573 547 352 499 
16 09 02 645 527 501 691 655 371 491 568 361 251 362 400 578 503 400 513 
16 10 02 623 552 495 665 594 365 486 548 372 259 398 407 575 498 380 512 
16 11 02 620 530 495 639 639 387 486 589 362 265 384 393 544 519 375 541 
16 12 02 636 534 487 660 676 395 478 559 367 251 363 406 542 510 364 532 
16 13 02 645 532 495 682 674 370 467 579 336 289 387 395 585 546 380 536 
16 14 02 651 559 468 693 646 375 517 553 334 274 345 408 562 499 372 561 
16 15 02 644 539 512 633 681 387 475 565 353 253 371 399 516 526 377 531 
16 16 02 596 508 456 688 663 399 485 569 340 271 397 383 506 491 351 514 
16 17 02 652 533 489 669 669 381 475 532 380 274 393 409 538 551 372 533 
16 18 02 610 531 481 657 643 360 468 597 373 258 359 384 564 537 370 562 
16 19 02 713 555 506 711 676 395 478 565 364 242 368 430 563 500 377 512 
16 20 02 618 564 508 673 673 365 499 562 376 273 387 422 516 546 383 491 
16 21 02 607 563 498 695 625 399 509 554 350 259 373 396 511 492 372 511 
16 22 02 642 555 477 688 691 408 472 541 354 234 403 401 555 515 371 496 
16 23 02 674 556 516 680 588 395 466 600 367 254 354 398 605 502 387 517 
16 24 03 609 522 511 694 654 373 535 571 353 248 363 421 511 543 337 517 
16 25 03 634 499 495 632 705 383 500 580 375 256 346 388 578 517 395 507 
16 26 03 633 501 495 653 648 415 472 584 344 254 368 430 526 543 386 512 
16 27 03 625 534 483 678 637 398 497 575 347 252 350 435 534 464 379 505 
16 28 03 643 512 482 664 659 368 448 571 345 222 403 394 549 533 367 520 
16 29 03 638 509 481 693 727 414 504 588 362 232 391 402 535 558 360 489 
16 30 03 574 530 496 661 667 386 508 583 358 247 414 424 585 557 338 544 
16 31 03 676 557 513 669 746 361 488 579 356 257 360 392 533 530 393 502 
16 32 03 641 512 537 641 708 345 487 590 380 257 383 381 537 501 386 523 
16 33 03 593 525 467 692 621 397 514 544 349 243 396 383 588 537 368 512 
16 34 03 666 551 493 641 705 386 512 581 384 269 402 386 560 519 386 504 
16 35 03 644 515 507 660 698 381 513 589 365 250 390 399 535 529 378 493 
16 36 03 671 512 507 655 738 361 509 559 352 240 414 395 601 531 402 504 
16 37 03 586 518 517 619 689 375 532 595 325 253 374 397 556 534 366 497 
16 38 03 651 545 462 629 658 391 513 580 370 265 369 419 534 549 368 525 
16 39 03 601 528 474 727 623 388 487 562 362 271 370 379 574 504 370 463 
16 40 03 601 497 541 664 656 418 526 559 370 248 386 388 557 518 371 512 
16 41 03 638 526 518 698 655 403 516 545 359 258 351 406 532 518 352 488 
16 42 03 657 537 472 691 635 423 479 559 358 255 361 432 584 491 381 495 
16 43 03 671 493 453 680 633 373 515 568 351 269 359 391 565 517 374 516 
16 44 03 621 517 497 648 625 429 495 610 365 264 346 398 536 542 370 556 
16 45 03 632 505 479 674 666 379 489 573 356 262 380 400 511 521 411 503 
16 46 03 647 539 499 665 661 428 534 603 372 260 413 406 551 558 350 542 
16 47 03 713 528 470 688 668 385 477 539 373 238 391 370 547 532 359 540 
16 48 03 599 478 477 654 654 368 462 538 334 260 389 407 586 537 380 462 
16 49 03 620 499 495 680 661 375 498 595 334 263 403 450 529 588 380 512 
16 50 03 644 535 572 650 631 375 521 581 404 246 355 396 600 513 335 495 
16 51 03 633 529 474 670 646 392 499 589 345 275 375 377 540 525 387 530 
16 52 03 625 529 494 657 687 379 479 588 358 238 372 375 579 516 400 529 
16 53 03 621 548 508 640 667 391 511 576 381 240 378 392 559 503 362 532 
16 54 03 646 558 503 641 654 386 512 607 395 254 361 422 561 526 360 512 
16 55 03 660 517 514 677 709 393 524 567 319 272 364 408 531 517 375 469 
16 56 03 667 494 497 726 665 393 473 595 375 251 369 372 544 571 389 483 
16 57 03 634 521 498 656 621 395 510 604 343 248 365 393 513 529 406 510 
16 58 03 696 561 493 700 653 398 471 558 395 272 380 374 541 504 383 471 
16 59 03 636 516 497 674 616 384 508 586 344 272 361 389 566 513 383 527 
17 00 03 646 551 561 685 654 399 506 575 353 234 365 415 562 495 356 497 
17 01 03 610 527 495 633 647 367 465 610 361 250 384 402 506 560 349 502 
17 02 03 591 522 477 671 657 419 484 608 376 273 355 417 529 537 357 580 
17 03 03 665 531 497 669 644 403 500 569 339 238 369 417 536 525 413 538 
17 04 03 586 563 522 655 668 369 516 536 354 303 395 405 555 551 371 505 
17 05 03 655 498 509 674 688 392 504 560 362 258 399 439 544 511 404 514 
17 06 03 645 557 511 676 679 393 506 568 356 282 378 420 534 525 345 527 
17 07 03 630 521 496 680 724 369 509 604 354 236 454 412 523 542 378 525 
17 08 03 621 524 492 624 666 383 510 575 364 262 364 363 536 503 379 522 
17 09 03 640 520 519 681 718 394 524 540 389 259 389 408 543 536 362 549 
17 10 03 672 498 521 669 678 395 528 598 387 241 393 414 560 537 393 535 
17 11 03 626 540 495 674 680 417 478 598 357 268 447 405 536 515 396 519 
