8 0 0 0 1 1 0 0 0 0 0 1 0 2 0 1 0
9 1 5 3 2 2 1 2 3 2 3 0 1 1 3 3 2
10 9 7 4 5 6 4 5 6 2 1 3 1 4 4 2 9
11 11 20 13 15 10 4 7 11 2 2 5 4 10 8 9 15
12 18 18 9 19 15 6 14 16 4 6 5 9 14 15 14 24
13 38 34 25 26 25 10 20 17 3 10 7 9 23 20 19 23
14 26 29 23 37 35 9 31 37 18 14 11 15 30 18 21 35
15 37 48 28 28 25 14 32 33 16 18 18 16 41 29 29 33
16 34 51 32 41 33 28 39 41 22 12 33 36 37 29 37 36
17 59 43 51 39 39 19 32 45 25 21 23 29 40 36 42 46
18 53 54 40 47 32 29 41 43 29 24 27 39 28 49 36 44
19 39 37 39 48 42 29 45 47 21 22 28 41 51 42 40 47
20 48 39 51 38 42 34 43 38 32 29 30 37 39 43 44 36
21 46 38 44 40 27 31 32 44 33 24 34 21 32 39 46 40
22 40 35 31 27 34 24 33 37 31 17 25 21 32 38 31 31
23 34 23 31 34 35 46 31 38 36 26 28 20 26 32 30 33
24 36 38 26 42 37 36 32 22 26 23 32 24 35 21 39 30
25 20 28 27 24 27 34 19 25 30 16 16 30 15 22 18 22
26 21 26 21 29 16 17 23 28 20 16 15 24 22 23 31 27
27 22 22 19 20 23 17 19 14 18 16 21 21 22 15 27 14
28 12 20 17 24 28 16 18 10 22 20 15 16 21 10 21 10
29 14 26 20 16 25 17 12 16 15 15 14 14 11 17 12 14
30 11 16 18 19 20 12 24 13 11 9 22 15 12 14 14 9
31 13 9 10 19 19 10 18 12 11 14 15 22 13 11 11 12
32 13 16 8 23 13 15 9 16 10 11 20 12 6 17 17 10
33 6 10 11 16 16 8 19 11 20 10 12 10 19 15 12 12
34 7 7 9 15 12 11 9 12 7 12 12 9 6 12 8 11
35 10 20 12 8 8 20 5 8 12 11 10 15 11 8 9 8
36 11 13 12 9 9 11 13 7 11 10 10 5 13 8 7 6
37 9 9 8 5 10 12 1 9 11 9 10 8 3 7 6 5
38 5 6 10 5 12 10 6 10 18 9 11 9 6 10 16 8
39 7 5 6 6 9 9 12 11 7 8 12 12 7 10 8 15
40 7 5 7 6 11 7 8 9 5 7 7 10 11 4 7 5
41 4 12 9 14 9 5 10 3 11 4 10 6 4 1 11 6
42 11 6 14 7 6 8 8 12 10 2 5 8 11 6 5 7
43 3 3 7 8 5 8 5 9 8 6 7 4 6 3 9 5
44 6 8 4 8 5 4 7 6 3 5 9 5 4 3 7 1
45 3 4 6 4 5 2 6 6 5 4 6 3 3 7 7 4
46 4 8 4 5 1 5 1 2 4 1 2 4 5 4 3 6
47 3 7 3 9 11 5 6 3 7 3 10 2 5 8 6 4
48 5 7 5 2 5 9 3 5 7 5 7 4 6 2 7 4
49 4 6 2 5 7 6 6 4 2 1 4 3 8 3 7 4
50 2 7 1 6 8 5 7 3 3 4 5 2 6 5 3 2
51 5 8 7 2 3 2 6 2 1 3 1 2 4 2 3 3
52 6 0 5 9 2 2 3 2 3 1 3 3 2 2 4 6
53 4 4 2 2 7 6 3 5 5 3 3 3 1 5 2 2
54 3 2 3 4 4 5 2 3 4 3 3 3 1 1 5 1
55 1 8 3 3 3 4 3 2 6 2 6 2 2 0 0 0
56 2 2 1 1 6 2 1 2 2 5 0 2 4 2 2 5
57 0 6 1 3 4 1 3 4 2 4 6 2 1 3 2 4
58 1 4 1 4 4 2 2 3 1 2 1 4 2 5 2 0
59 2 2 1 1 1 2 1 1 1 0 3 0 1 1 3 1
60 0 3 4 0 3 1 3 2 5 2 1 3 1 0 2 1
61 2 2 1 4 2 3 1 2 1 0 2 1 4 3 3 2
62 1 0 2 3 3 1 1 1 3 2 5 4 2 5 2 1
63 3 2 0 2 3 4 3 1 2 0 2 0 2 1 2 0
64 2 2 3 3 0 2 1 3 0 3 1 1 3 0 4 2
65 3 0 0 1 1 2 3 4 0 2 3 2 1 2 1 2
66 1 2 0 3 2 1 1 1 2 1 1 1 1 2 0 0
67 0 1 1 2 6 0 0 1 1 0 2 2 1 0 3 2
68 2 3 5 0 2 0 2 0 1 2 0 5 2 2 1 0
69 2 4 2 1 3 1 3 2 3 2 2 2 3 3 3 1
70 0 4 1 3 0 2 0 2 3 2 0 2 3 2 0 0
71 0 2 0 2 2 2 0 0 0 3 2 1 1 1 3 1
72 0 0 1 2 4 2 1 0 0 3 2 4 1 0 1 1
73 2 0 1 1 2 4 1 2 1 0 1 1 0 0 1 2
74 0 1 2 2 0 0 0 1 4 1 1 0 0 1 0 1
75 2 2 1 0 0 0 2 3 1 3 0 0 1 0 0 2
76 0 0 0 2 3 4 3 1 1 0 1 0 2 0 1 2
77 1 0 0 1 1 0 0 2 2 0 1 1 2 1 0 1
78 1 1 0 0 2 1 0 0 0 0 1 1 1 0 2 2
79 2 0 0 2 2 1 0 0 0 1 0 0 1 1 1 1
80 0 1 2 0 0 1 2 1 1 0 0 0 2 1 2 2
81 2 2 2 1 1 2 1 2 0 2 1 0 0 1 1 0
82 2 1 0 3 1 0 1 0 1 1 0 2 1 1 1 1
83 1 0 0 1 1 0 0 2 0 0 2 1 2 0 3 1
84 0 0 2 1 0 1 0 1 1 1 1 0 0 0 0 0
85 0 1 2 0 0 1 0 0 2 0 1 0 0 0 0 0
86 0 1 0 1 0 0 2 1 1 2 0 0 1 2 1 0
87 1 2 2 1 1 0 0 0 0 2 2 1 0 0 0 1
88 0 2 0 1 0 1 1 1 0 1 0 0 0 2 0 0
89 1 1 1 1 0 0 0 0 0 0 3 2 0 1 0 0
90 4 2 0 0 0 0 0 0 0 0 2 0 1 1 1 2
91 0 0 0 2 0 1 0 0 1 1 1 0 2 0 1 0
92 0 0 2 0 1 0 0 2 0 0 1 1 1 0 0 0
93 1 0 0 0 0 0 0 0 0 1 0 2 0 0 0 0
94 2 0 0 0 1 0 0 1 0 2 1 0 0 0 0 1
95 0 0 1 0 1 2 0 0 0 1 0 0 1 0 0 0
96 1 1 0 0 0 2 2 0 0 0 1 0 0 0 1 0
97 0 0 0 1 0 1 0 0 1 0 1 0 2 1 0 1
98 0 0 0 0 2 1 1 1 0 0 0 1 0 1 3 0
99 0 0 0 0 0 0 1 1 2 1 0 2 1 2 0 1
100 1 0 0 0 1 0 0 1 0 0 0 2 1 0 0 0
101 1 0 0 1 0 1 2 2 1 0 1 1 0 0 0 0
102 0 0 0 0 0 0 0 0 1 0 0 0 0 0 0 0
103 0 0 0 0 0 1 0 0 0 1 0 0 0 0 0 1
104 0 0 0 0 0 1 1 1 0 0 0 1 0 1 0 1
105 0 1 0 1 0 0 1 0 0 1 0 0 0 1 0 0
106 1 0 0 0 1 0 0 0 0 0 1 0 1 0 1 1
107 0 0 0 0 0 1 1 0 0 0 0 0 0 0 0 0
108 0 0 1 2 0 1 0 0 0 0 0 0 0 0 0 1
109 2 0 0 0 1 3 0 1 0 1 0 0 0 0 0 0
110 0 1 0 0 0 0 0 0 0 1 0 0 0 0 0 0
111 0 0 0 2 0 0 0 0 0 1 0 1 0 1 1 2
112 1 1 0 0 0 1 0 0 1 0 1 0 0 1 0 0
113 0 0 0 0 1 0 0 0 0 0 1 1 0 0 0 0
114 0 1 0 0 3 0 0 0 0 0 0 0 0 0 0 0
115 0 1 1 3 0 0 0 0 1 0 2 1 0 0 0 0
116 0 0 0 0 1 0 0 0 0 0 0 0 1 0 0 0
117 0 0 1 0 1 0 0 0 0 0 1 0 0 1 0 0
118 0 0 1 1 0 0 0 1 0 1 1 0 0 0 0 0
119 0 0 0 0 0 0 0 0 0 1 1 2 1 0 0 1
120 1 0 1 0 0 0 0 4 0 0 0 0 0 0 0 0
121 0 0 2 0 0 0 0 0 0 0 0 0 1 0 1 0
122 0 0 1 0 0 0 0 0 0 0 0 0 0 0 1 0
123 0 0 1 0 0 0 0 1 1 1 0 0 0 0 0 0
124 0 0 0 0 0 0 1 0 0 0 0 0 0 0 0 1
125 0 0 0 0 0 0 0 0 0 0 0 0 1 0 0 0
126 0 0 0 0 0 1 0 0 0 0 0 0 0 0 0 0
127 0 0 0 0 0 1 1 0 1 0 0 1 0 0 0 0
128 0 0 1 1 1 0 0 0 0 0 0 0 0 1 0 0
129 0 0 0 0 0 0 0 0 0 1 0 0 0 0 1 0
130 0 0 0 0 0 0 0 1 0 0 0 0 0 0 0 0
131 0 0 0 0 0 0 0 0 0 0 0 1 0 1 2 0
132 0 0 1 0 0 2 1 0 0 0 0 1 0 0 1 1
133 2 0 0 0 0 0 1 0 0 0 0 0 0 0 0 0
134 0 0 0 0 0 0 0 0 0 0 0 0 1 0 0 2
135 0 0 0 0 0 0 0 0 0 0 0 1 0 1 0 1
136 0 0 0 0 0 0 0 0 1 0 0 0 0 0 0 0
137 0 1 0 0 0 2 1 0 0 0 0 0 0 0 2 0
138 0 1 0 1 0 0 0 0 0 0 0 0 0 0 0 0
139 1 0 0 0 0 0 0 0 1 0 0 0 0 0 0 0
140 0 0 0 0 1 0 0 0 0 0 0 0 0 0 0 1
141 0 1 1 0 0 0 0 0 0 0 0 0 0 0 0 0
142 0 0 0 0 0 0 0 0 0 1 0 0 1 0 0 0
143 1 0 1 0 0 1 0 0 0 1 0 0 0 0 0 0
144 0 0 1 0 0 0 0 0 0 1 0 0 0 1 0 0
145 1 0 0 1 0 0 1 0 0 0 0 0 0 0 0 0
148 0 1 0 0 0 0 0 0 1 0 0 0 0 1 0 0
149 0 0 0 1 0 0 0 0 0 0 0 0 0 0 0 0
150 0 1 0 0 0 0 0 0 0 0 0 1 0 0 0 0
151 0 1 0 0 0 0 0 0 0 0 0 0 2 1 0 0
152 1 0 0 0 1 0 0 0 0 0 0 0 0 1 0 0
153 0 0 0 0 0 0 0 0 0 0 1 0 0 0 0 1
154 1 0 0 0 0 0 0 0 0 0 0 0 0 0 0 0
155 0 0 1 0 0 0 0 0 1 0 2 0 0 0 0 0
156 0 0 0 0 0 0 0 0 0 0 0 2 0 0 0 0
157 0 0 0 0 0 0 0 0 0 1 0 0 0 0 0 0
159 0 0 0 0 0 0 0 0 0 0 0 0 0 1 1 0
160 0 0 0 1 0 0 0 0 0 0 0 0 0 0 0 0
161 0 0 0 0 0 0 1 0 0 0 0 0 0 0 0 0
162 0 0 1 0 0 0 0 0 0 0 0 0 0 0 0 0
163 0 1 0 0 0 0 1 0 0 0 0 0 0 0 0 0
164 1 1 0 0 0 0 0 0 0 0 0 0 0 0 0 0
165 0 1 0 0 0 0 0 0 0 0 0 0 0 0 0 0
166 0 1 0 0 0 0 0 0 0 0 0 0 0 0 0 0
167 0 1 0 0 0 0 1 1 0 0 0 0 0 0 0 0
168 0 0 0 0 0 0 0 0 1 0 0 0 0 0 0 0
170 0 0 0 0 0 0 0 0 0 0 0 0 0 0 1 0
172 0 0 0 0 0 0 0 1 0 0 0 0 0 0 0 0
173 0 0 0 0 0 0 0 0 0 1 0 0 0 0 0 0
174 0 0 0 0 0 0 0 1 0 0 0 0 0 0 0 0
175 0 0 1 0 0 0 0 0 0 0 1 0 0 0 1 0
176 0 0 0 0 0 0 0 0 0 1 0 0 1 0 0 0
178 0 0 0 0 0 0 0 0 1 0 0 0 0 0 0 0
179 1 0 0 0 0 0 0 0 0 0 1 0 0 0 0 0
183 0 0 0 0 0 0 0 0 0 0 1 0 0 0 0 0
184 0 0 0 0 0 0 1 1 0 0 0 0 0 0 0 0
186 0 0 1 0 0 0 0 0 0 0 0 0 1 0 0 0
187 1 0 0 0 0 0 0 0 0 0 0 0 0 0 0 0
188 0 0 0 0 1 0 0 0 1 0 0 1 0 0 0 0
190 0 1 0 1 1 0 0 0 0 0 0 0 0 0 0 0
192 0 0 0 0 0 1 0 1 0 0 1 0 0 0 0 0
193 0 0 0 0 0 0 0 0 0 1 0 0 0 0 0 0
194 0 0 0 0 0 0 0 0 1 0 0 0 0 0 0 1
195 0 1 0 0 0 0 0 0 0 0 0 0 0 0 0 0
196 0 0 0 0 0 0 0 1 0 0 0 1 0 1 0 0
197 1 0 1 0 1 0 0 0 0 0 0 0 0 0 0 0
199 0 0 0 0 0 0 0 0 0 0 0 1 0 0 0 0
200 0 0 0 1 0 0 0 0 0 0 0 0 0 0 0 0
201 0 0 0 0 0 0 0 0 0 0 0 0 1 0 0 0
202 0 0 0 1 0 0 0 0 0 0 0 0 0 1 0 0
203 1 0 0 0 0 0 0 0 0 0 0 0 0 0 0 0
204 0 0 0 0 0 0 1 0 0 0 0 0 0 0 0 0
206 0 0 0 0 0 0 0 1 0 0 0 0 0 0 0 0
207 0 0 0 1 0 0 0 0 0 0 0 0 0 0 0 0
208 0 0 0 0 1 0 0 0 0 0 0 0 0 0 0 0
209 0 0 0 0 0 0 0 0 0 0 0 0 0 0 0 1
212 0 0 0 1 0 0 0 0 0 0 0 0 0 0 0 0
214 0 0 0 1 0 0 0 0 0 0 0 0 0 0 0 0
215 0 0 0 0 0 0 0 0 0 0 0 2 0 0 0 0
218 0 0 0 0 1 0 0 0 0 0 0 0 0 0 0 0
220 0 0 0 0 0 0 0 0 0 1 0 0 0 0 0 0
223 0 0 0 0 0 0 0 1 0 0 0 0 0 0 0 0
227 0 0 0 0 0 0 0 2 0 0 0 0 0 0 0 0
229 0 0 0 1 0 0 0 0 0 0 0 0 0 0 0 0
231 0 0 0 0 0 0 0 0 0 0 0 0 1 0 0 0
232 0 0 1 0 0 0 0 0 0 0 0 0 0 0 0 0
234 0 0 0 0 1 0 0 1 0 0 0 0 0 0 0 0
235 0 0 0 0 0 0 0 1 0 0 0 0 0 0 0 0
245 0 0 0 0 0 0 0 0 0 0 0 0 2 0 0 0
248 0 0 0 0 0 0 0 0 0 0 0 0 0 0 0 1
252 0 0 0 0 0 0 0 0 0 0 0 0 0 0 0 1
259 0 0 0 0 0 1 0 0 0 0 0 0 0 0 0 0
262 0 0 0 0 0 0 0 0 0 0 0 0 1 0 0 0
265 0 0 0 0 0 0 0 0 0 0 1 0 0 0 0 0
283 0 0 0 0 0 0 0 0 0 1 0 0 0 0 0 0
286 0 0 0 0 0 0 0 0 0 0 0 0 0 1 0 1
287 0 0 0 0 0 1 0 0 0 0 0 0 0 0 0 0
292 0 0 0 0 0 0 0 0 0 0 0 0 0 0 0 1
312 0 0 0 0 0 0 0 0 1 0 0 0 0 0 0 0
314 1 0 0 0 0 0 0 0 0 0 0 0 0 0 0 0
315 0 0 0 1 0 0 0 0 0 0 1 0 0 0 0 0
326 0 0 0 0 0 0 0 0 0 0 0 0 0 0 1 0
327 0 1 0 0 0 0 0 0 0 0 0 0 0 0 0 0
329 0 0 0 0 0 0 0 1 0 0 0 0 0 0 0 0
340 0 0 0 1 0 0 0 0 0 0 0 0 0 0 0 0
357 0 0 0 1 0 0 0 0 0 0 0 0 0 0 0 0
367 0 0 0 0 0 0 0 0 0 0 0 1 0 0 0 0
388 0 1 0 0 0 0 0 0 0 0 0 0 0 0 0 0
419 0 0 0 0 0 0 0 0 0 0 0 0 1 0 0 0
436 0 0 1 0 0 0 0 0 0 0 0 0 0 0 0 0
441 1 0 0 0 0 0 0 0 0 0 0 0 0 0 0 0
481 0 0 0 1 0 0 0 0 0 0 0 0 0 0 0 0
485 0 0 0 0 1 0 0 0 0 0 0 0 0 0 0 0
526 0 0 0 1 0 0 0 0 0 0 0 0 0 0 0 0
579 0 0 0 0 0 0 0 0 0 0 0 1 0 0 0 0
644 1 0 0 0 0 0 0 0 0 0 0 0 0 0 0 0
